# Profile=sine
# ProfileLabel=sine
# CommandType=position
# CommandValues=-0.05, 0.05
# Settings=wait=1s, amp=0.05turn, freq=2Hz, offset=0turn
# ControlMode=per_motor_pid(outer=on)
# OutputPID=kp=10.0,ki=10.0,kd=3.0,max=100.0
# MotorPID_1=kp=2.81,ki=1.0,kd=0.1,max=5.0
# MotorPID_2=kp=1.1,ki=0.5,kd=0.05,max=0.2
# PIDDerivativeMode=measurement
# PIDDerivativeFilterAlpha=0.05
# Nullspace=disabled
# Freeze=motor=None,kp=0.1,kd=0.002
# TorqueLimits=[2, 0.5]
# DurationSec=7.542
# SampleTime=0.005
# MotorControlMode=torque
# DirectVelocity=False
# LoopDtMean=0.006875
# LoopDtStd=0.001477
# LoopDtMin=0.000007
# LoopDtMax=0.013797
time,pos_1,vel_1,tau_1,iq_1,tau_meas_1,pos_2,vel_2,tau_2,iq_2,tau_meas_2,output_pos,output_vel,theta_ref,omega_ref,theta_ctrl,tau_pid,tau_dob,dob_disturbance,tau_out,loop_dt,diag_read,diag_ctrl,diag_log
6.9141387939453125e-06,0.0,0.00025776762049645185,-3.530901217327513e-05,0.0,0.0,-0.00048828125,-0.012904754839837551,2.166197065790945e-10,0.0,0.0,-1.4781951904296875e-05,-9.840595885179937e-05,0.0,0.0,0.0001633195104659535,0.0001633195104659535,0.0007061829013760125,0.000542863390910059,0.0007061829013760125,6.9141387939453125e-06,0.006089960999815958,0.0022407569995266385,6.0870006564073265e-06
0.008367300033569336,0.0,-0.00030102566233836114,-0.00021104263824510828,0.0,0.0,-0.0002288818359375,-0.03670936077833176,1.2947401119008113e-09,0.0,0.0,-1.3828277587890625e-05,-0.0007652329513803124,0.0,0.0,0.0002685210791969439,0.0002685210791969439,0.004220868651283906,0.003952347572086962,0.004220868651283906,0.00836038589477539,0.0047345869988930644,0.0021295790011208737,5.118999979458749e-06
0.015253305435180664,0.0,0.004243827890604734,0.00044434241266594885,0.0,0.0,-6.103515625e-05,0.05410576984286308,-2.726027071502088e-09,0.0,0.0,-8.106231689453125e-06,0.0021330423187464476,0.0,0.0,-0.00011469080560709697,-0.00011469080560709697,-0.008886881701503901,-0.008772190895896804,-0.008886881701503901,0.006886005401611328,0.004861700001129066,0.0019885839992639376,4.991999958292581e-06
0.022123336791992188,0.0,-0.0001669168268563226,0.00015347054773118436,0.0,0.0,0.00018310546875,0.02243335358798504,-9.415371026217646e-10,0.0,0.0,-1.430511474609375e-06,2.4528009817004204e-05,0.0,0.0,-0.00017517623637631916,-0.00017517623637631916,-0.0030694225072261734,-0.0028942462708498543,-0.0030694225072261734,0.0068700313568115234,0.0053416699993249495,0.0022126910007500555,5.055000656284392e-06
0.029698610305786133,0.0,0.0025897978339344263,-0.00200991591571871,0.0,0.0,-0.0006561279296875,-0.09112095087766647,1.2330772488763572e-08,0.0,0.0,-6.29425048828125e-05,-0.00827355682849884,0.0,0.0,0.0016936937822124402,0.0016936937822124402,0.04019846961219614,0.038504775829983705,0.04019846961219614,0.007575273513793945,0.005938554999374901,0.0020495630014920607,8.494000212522224e-06
0.03771543502807617,0.0,0.006389593239873648,-0.0012409069782731625,0.0,0.0,-0.000457763671875,0.11769647896289825,7.612926246884296e-09,0.0,0.0,-2.384185791015625e-06,-0.002106337109580636,0.0,0.0,0.0013512196540457495,0.0013512196540457495,0.024818232975601248,0.0234670133215555,0.024818232975601248,0.008016824722290039,0.005886492999707116,0.0024191720003727823,6.933998520253226e-06
0.04604959487915039,0.0,0.0036999336443841457,-0.0006011499004416817,0.0,0.0,-6.103515625e-05,0.0024136442225426435,3.6880361989365216e-09,0.0,0.0,-1.430511474609375e-06,8.227163925766945e-05,0.0,0.0,0.0012633034849183129,0.0012633034849183129,0.012023043260811533,0.01075973977589322,0.012023043260811533,0.008334159851074219,0.006210208000993589,0.002422281999315601,8.322000212501734e-06
0.05471324920654297,0.0,-0.004361595027148724,0.0006370872728317915,0.0,0.0,-0.000274658203125,-0.012442813254892826,-3.908510876170948e-09,0.0,0.0,-3.5762786865234375e-05,0.004196855239570141,0.0,0.0,0.0009166984341607041,0.0009166984341607041,-0.012741793413824492,-0.013658491847985196,-0.012741793413824492,0.008663654327392578,0.006959960999665782,0.0029877699998905882,8.43599991640076e-06
0.06469416618347168,0.0,0.001159283216111362,0.00021601205709847614,0.0,0.0,-0.0001983642578125,-0.025868762284517288,-1.3252273441292998e-09,0.0,0.0,-9.5367431640625e-07,0.000348629429936409,0.0,0.0,0.0004887587170265386,0.0004887587170265386,-0.004320257402427732,-0.00480901611945427,-0.004320257402427732,0.009980916976928711,0.006920791998709319,0.0029404930010059616,8.801000149105676e-06
0.07458949089050293,-6.103515625e-05,0.00024286124971695244,0.000628108176776116,0.0,0.0,-0.0003662109375,-0.033162880688905716,-3.85342439730315e-09,0.0,0.0,-3.528594970703125e-05,0.0023193066008388996,0.0,0.0,0.00046234273118914723,0.00046234273118914723,-0.012562210816803268,-0.013024553547992415,-0.012562210816803268,0.00989532470703125,0.007791612000801251,0.0030428169993683696,8.660001185489818e-06
0.08545780181884766,0.0,0.002440784126520157,0.0001155498268337608,0.0,0.0,-0.000335693359375,0.0473257452249527,-7.088946431341845e-10,0.0,0.0,-1.0013580322265625e-05,-0.00043927234946750104,0.0,0.0,0.00027097867353602107,0.00027097867353602107,-0.0023110052347689964,-0.0025819839083050175,-0.0023110052347689964,0.010868310928344727,0.006820287000664393,0.0028171300000394695,8.643999535706826e-06
0.09512925148010254,0.0,-0.001277056522667408,-0.00048673267757633036,0.0,0.0,-0.0001983642578125,0.030912116169929504,2.9860900464059023e-09,0.0,0.0,-4.76837158203125e-07,-0.0022721169516444206,0.0,0.0,0.0005083777833993403,0.0005083777833993403,0.009734690190668279,0.009226312407268938,0.009734690190668279,0.009671449661254883,0.007834247999198851,0.0029126389999873936,8.60799991642125e-06
0.1059103012084961,0.0,0.0005557867116294801,-0.0015373926107074645,0.0,0.0,-0.00018310546875,-0.01927499659359455,9.431856507171962e-09,0.0,0.0,-6.198883056640625e-06,-0.005470277275890112,0.0,0.0,0.0013617377998371332,0.0013617377998371332,0.030747967942449987,0.029386230142612855,0.030747967942449987,0.010781049728393555,0.008210788999349461,0.0033527650011819787,9.14699921850115e-06
0.11751031875610352,0.0,0.003863845719024539,0.0006631447714241065,0.0,0.0,-0.0004730224609375,0.03512914106249809,-4.06837283072103e-09,0.0,0.0,-1.2874603271484375e-05,0.005210131406784058,0.0,0.0,0.0005831155623835761,0.0005831155623835761,-0.013262945347167168,-0.013846060909550744,-0.013262945347167168,0.011600017547607422,0.006808728001487907,0.002786589999232092,9.158000466413796e-06
0.12714195251464844,0.0,0.002299223095178604,-0.0003869871899947518,0.0,0.0,-0.000213623046875,0.02045149728655815,2.3741545397857487e-09,0.0,0.0,-8.106231689453125e-06,-0.0019200752722099423,0.0,0.0,0.0008016461487195458,0.0008016461487195458,0.007739772930625582,0.006938126781906036,0.007739772930625582,0.009631633758544922,0.008181889999832492,0.003032681999684428,9.334999049315229e-06
0.13839197158813477,0.0,0.001382801914587617,0.0015436064609409728,0.0,0.0,-0.000457763671875,0.007308670319616795,-9.46997828774468e-09,0.0,0.0,-1.7642974853515625e-05,0.006862296257168055,0.0,0.0,-0.0001669414592606339,-0.0001669414592606339,-0.03087224541487206,-0.030705303955611427,-0.03087224541487206,0.011250019073486328,0.007296948000657721,0.002742710999882547,8.861999958753586e-06
0.1484663486480713,0.0,-0.0021711268927901983,-0.0011012807286729172,0.0,0.0,-0.0002593994140625,0.018201418220996857,6.756323488621998e-09,0.0,0.0,-4.76837158203125e-06,-0.006535712163895369,0.0,0.0,0.0007026568608178309,0.0007026568608178309,0.02202569747313305,0.02132304061231522,0.02202569747313305,0.010074377059936523,0.007740552999166539,0.003498678001051303,9.33599949348718e-06
0.15974164009094238,0.0,0.0032230934593826532,-0.0008132160434032051,0.0,0.0,-0.0002288818359375,-0.00011956319212913513,4.989055480876533e-09,0.0,0.0,-4.291534423828125e-06,-0.002013211138546467,0.0,0.0,0.0009679285496581526,0.0009679285496581526,0.016264382083468774,0.015296453533810622,0.016264382083468774,0.011275291442871094,0.007558337001682958,0.003429555999900913,1.3805998605675995e-05
0.17077350616455078,0.0,0.004430086817592382,2.067663703595791e-06,0.0,0.0,-0.0001983642578125,-0.022799134254455566,-1.2685053395976313e-11,0.0,0.0,-4.291534423828125e-06,0.0015481659211218357,0.0,0.0,0.000690270776945202,0.000690270776945202,-4.135342971674271e-05,-0.0007316242066619447,-4.135342971674271e-05,0.011031866073608398,0.008001375999810989,0.003231827000490739,8.913000783650205e-06
0.18204545974731445,0.0,-0.000107315179775469,-0.0004730122928318787,0.0,0.0,-0.00042724609375,0.025964919477701187,2.9019159068714933e-09,0.0,0.0,-3.2901763916015625e-05,-0.0014153005322441459,0.0,0.0,0.0011585593961053403,0.0011585593961053403,0.009460281462967717,0.008301722066862378,0.009460281462967717,0.011271953582763672,0.008069646000876673,0.0034565789992484497,9.507000868325122e-06
0.19360804557800293,0.0,0.002738805953413248,-0.0007769776896210402,0.0,0.0,0.0005950927734375,0.03296847641468048,4.766734292034453e-09,0.0,0.0,-1.0967254638671875e-05,-0.0022385898046195507,0.0,0.0,0.0012347702311604862,0.0012347702311604862,0.015539612279958127,0.014304842048797641,0.015539612279958127,0.011562585830688477,0.008176465998985805,0.0030072300014580833,8.691999028087594e-06
0.20482683181762695,0.0,-0.0030353956390172243,-0.0019340265792444555,0.0,0.0,-0.0003509521484375,-0.045918285846710205,1.1865193737399418e-08,0.0,0.0,-4.1961669921875e-05,-0.0062358262948691845,0.0,0.0,0.0024266551278678736,0.0024266551278678736,0.038680677170088336,0.03625402204222046,0.038680677170088336,0.011218786239624023,0.0077808339992770925,0.003264123000917607,9.089999366551638e-06
0.21590638160705566,-6.103515625e-05,0.004132063128054142,-0.0017777908753986373,0.0,0.0,-0.0003204345703125,0.011846063658595085,1.0906692486835539e-08,0.0,0.0,-9.5367431640625e-06,-0.0038441873621195555,0.0,0.0,0.002579987384895807,0.002579987384895807,0.035555951332420434,0.032975963947524625,0.035555951332420434,0.011079549789428711,0.007419080000545364,0.0032328070010407828,8.707998858881183e-06
0.2265913486480713,0.0,0.0018447343027219176,0.0005257469548772729,0.0,0.0,-0.0003509521484375,0.045455630868673325,-3.225441440884228e-09,0.0,0.0,-2.9087066650390625e-05,0.005727946292608976,0.0,0.0,0.0017943743779577901,0.0017943743779577901,-0.010514978673514053,-0.012309353051471843,-0.010514978673514053,0.010684967041015625,0.007265770000230987,0.0024042079985520104,8.492999768350273e-06
0.23629426956176758,0.0,0.005748839117586613,-0.002030809089264328,0.0,0.0,-0.0002593994140625,-0.001378715387545526,1.2458951467567842e-08,0.0,0.0,-4.291534423828125e-06,-0.007999751716852188,0.0,0.0,0.0026723462684554045,0.0026723462684554045,0.040616334655856706,0.0379439883874013,0.040616334655856706,0.009702920913696289,0.006902236000314588,0.003070700999160181,8.659000741317868e-06
0.24630069732666016,0.0,0.0022619685623794794,-8.471001138023182e-06,0.0,0.0,-3.0517578125e-05,0.03210419788956642,5.196933213381402e-11,0.0,0.0,-4.291534423828125e-06,0.00329719390720129,0.0,0.0,0.00204744600580852,0.00204744600580852,0.0001694206604209835,-0.0018780253453875365,0.0001694206604209835,0.010006427764892578,0.0075353120009822305,0.0030745379990548827,1.0984000255120918e-05
0.25694823265075684,0.0,-0.0002339765487704426,-0.0006428321307113392,0.0,0.0,0.0003662109375,0.018603749573230743,3.943755403038457e-09,0.0,0.0,-2.288818359375e-05,-0.0015438225818797946,0.0,0.0,0.0023668502826499167,0.0023668502826499167,0.012856691003863628,0.010489840721213712,0.012856691003863628,0.01064753532409668,0.008134387999234605,0.0031354769998870324,7.86400050856173e-06
0.2682521343231201,0.0,0.003230542875826359,0.000770818892751639,0.0,0.0,-1.52587890625e-05,-0.14442986249923706,-4.728950262161771e-09,0.0,0.0,-1.049041748046875e-05,0.004576831590384245,0.0,0.0,0.0014509777237158876,0.0014509777237158876,-0.015416435878962378,-0.016867413602678266,-0.015416435878962378,0.011303901672363281,0.00617203299952962,0.002770091999991564,7.609000022057444e-06
0.27722787857055664,-6.103515625e-05,-0.004503160249441862,2.5458330654199997e-05,0.0,0.0,-0.0001220703125,0.045448187738657,-1.5618607762922423e-10,0.0,0.0,-1.5735626220703125e-05,-0.0004280962748453021,0.0,0.0,0.0015021573244722206,0.0015021573244722206,-0.0005091685294775908,-0.0020113258539498115,-0.0005091685294775908,0.008975744247436523,0.006558690998645034,0.002574703999925987,8.040000466280617e-06
0.2863936424255371,0.0,0.0022023620549589396,0.000302785983065707,0.0,0.0,-0.000152587890625,-0.03895944356918335,-1.8575827181480818e-09,0.0,0.0,-1.33514404296875e-05,0.001341417315416038,0.0,0.0,0.0012115996954851541,0.0012115996954851541,-0.006055742453740128,-0.007267342149225283,-0.006055742453740128,0.009165763854980469,0.006002598000122816,0.0026171009994868655,6.984999345149845e-06
0.2950444221496582,0.0,0.00019815575797110796,-0.0011670805202331357,0.0,0.0,-0.0005950927734375,-0.07132476568222046,7.160003191435331e-09,0.0,0.0,-6.103515625e-05,-0.004749433137476444,0.0,0.0,0.002351102003491177,0.002351102003491177,0.023341698257462604,0.020990596253971427,0.023341698257462604,0.008650779724121094,0.006580654999197577,0.0025166930008708732,7.890999768278562e-06
0.30417346954345703,0.0,0.004221469629555941,0.000712673256045961,0.0,0.0,-9.1552734375e-05,0.1937520056962967,-4.372228564589843e-09,0.0,0.0,-2.6226043701171875e-05,0.004805937875062227,0.0,0.0,0.0011976492506980308,0.0011976492506980308,-0.014253518767895473,-0.015451168018593503,-0.014253518767895473,0.009129047393798828,0.0061552210008812835,0.0030098229999566684,7.990998710738495e-06
0.3133711814880371,0.0,0.006456642411649227,0.0003684971869591465,0.0,0.0,-1.52587890625e-05,-0.03664230555295944,-2.260718938343154e-09,0.0,0.0,-6.198883056640625e-06,0.0010061424691230059,0.0,0.0,0.0008013176162810065,0.0008013176162810065,-0.007369971478065607,-0.008171289094346614,-0.007369971478065607,0.009197711944580078,0.006540553000377258,0.0027902420006284956,7.647999154869467e-06
0.32273387908935547,0.0,0.0016435668803751469,0.001480628776992551,0.0,0.0,0.0,0.047489654272794724,-9.083612128561566e-09,0.0,0.0,-5.7220458984375e-06,0.00550256809219718,0.0,0.0,-6.417996998554574e-05,-6.417996998554574e-05,-0.029612686995214552,-0.029548507025229008,-0.029612686995214552,0.00936269760131836,0.006160311999337864,0.0023713800001132768,7.389000529656187e-06
0.331296443939209,0.0,0.0008836070774123073,0.001039623198467664,0.0,0.0,0.000762939453125,-0.005148695316165686,-6.378056432157506e-09,0.0,0.0,-2.86102294921875e-06,0.0020194214303046465,0.0,0.0,-0.00038813970017686285,-0.00038813970017686285,-0.020792542227714404,-0.02040440252753754,-0.020792542227714404,0.008562564849853516,0.007084393999321037,0.0027886019997822586,7.517999620176852e-06
0.3412010669708252,0.0,0.0039308937266469,-0.0014142006727084543,0.0,0.0,-0.0006561279296875,-0.058219194412231445,8.676077746460733e-09,0.0,0.0,-3.910064697265625e-05,-0.007515460252761841,0.0,0.0,0.001125725900611857,0.001125725900611857,0.028284119909110752,0.027158394008498895,0.028284119909110752,0.009904623031616211,0.006484524999905261,0.0025310359997092746,7.554001058451831e-06
0.3502490520477295,0.0,-0.0020519231911748648,0.0014509278033881764,0.0,0.0,-0.0003204345703125,0.028095785528421402,-8.901397566576097e-09,0.0,0.0,-1.33514404296875e-05,0.007605494000017643,0.0,0.0,-0.0003072031189178424,-0.0003072031189178424,-0.029018665287365575,-0.02871146216844773,-0.029018665287365575,0.009047985076904297,0.005956086999503896,0.0025723630005813902,8.586999683757313e-06
0.3588097095489502,0.0,-0.0043168989941477776,0.00074361467463169,0.0,0.0,-0.000152587890625,0.005066042300313711,-4.562053218485275e-09,0.0,0.0,-1.430511474609375e-06,0.0012166202068328857,0.0,0.0,-0.0005853091137326009,-0.0005853091137326009,-0.01487234946874691,-0.014287040355014309,-0.01487234946874691,0.008560657501220703,0.006261358999836375,0.003276102999734576,8.919001629692502e-06
0.36838316917419434,0.0,0.004906918853521347,0.00018163240241653254,0.0,0.0,-0.0004119873046875,-0.007383882533758879,-1.114309217251483e-09,0.0,0.0,-3.4809112548828125e-05,-0.0006404375308193266,0.0,0.0,-0.00012224380601096236,-0.00012224380601096236,-0.0036326617208363825,-0.0035104179148254203,-0.0036326617208363825,0.00957345962524414,0.007274494000739651,0.002975212000819738,9.521998435957357e-06
0.37867045402526855,0.0,-0.0026181689463555813,0.001107047765380352,0.0,0.0,-0.000518798828125,0.03231281414628029,-6.7917040819182575e-09,0.0,0.0,-3.0994415283203125e-05,0.003924903459846973,0.0,0.0,-0.0007224803072185882,-0.0007224803072185882,-0.022141038641399456,-0.021418558334180868,-0.022141038641399456,0.010287284851074219,0.007329758000196307,0.00320602899955702,8.289000106742606e-06
0.38924241065979004,0.0,-0.004786287900060415,0.0005283929830682372,0.0,0.0,-0.0001068115234375,-0.02630835399031639,-3.2416747426688797e-09,0.0,0.0,-9.5367431640625e-07,0.00027598137967288494,0.0,0.0,-0.0010109590079943826,-0.0010109590079943826,-0.010567899436514958,-0.009556940428520577,-0.010567899436514958,0.010571956634521484,0.006808345999161247,0.002776724999421276,7.935001121950336e-06
0.3988621234893799,0.0,0.009407066740095615,-0.0028967782573783357,0.0,0.0,-0.00054931640625,-0.09737199544906616,1.7771645750343046e-08,0.0,0.0,-4.0531158447265625e-05,-0.012816553004086018,0.0,0.0,0.0013620095227179461,0.0013620095227179461,0.05793578320456977,0.05657377368185182,0.05793578320456977,0.009619712829589844,0.0060960640003031585,0.0028070520002074772,9.567000233801082e-06
0.40780138969421387,0.0,0.0018894305685535073,0.0001783083484206225,0.0,0.0,-0.000396728515625,0.054470840841531754,-1.093916247951931e-09,0.0,0.0,-1.9073486328125e-06,0.004673683550208807,0.0,0.0,0.0002287400837681352,0.0002287400837681352,-0.0035661803906977,-0.003794920474465835,-0.0035661803906977,0.008939266204833984,0.006985289999647648,0.002922542000305839,9.44199928198941e-06
0.41774582862854004,0.0,0.002478027017787099,-0.0017563659064952592,0.0,0.0,0.0002593994140625,0.02640450745820999,1.0775250959824236e-08,0.0,0.0,-9.5367431640625e-07,-0.006548753939568996,0.0,0.0,0.0011928462749614891,0.0011928462749614891,0.0351274503415734,0.03393460406661191,0.0351274503415734,0.009944438934326172,0.007028009000350721,0.0030971119995228946,8.486000297125429e-06
0.4279050827026367,0.0,0.0036850199103355408,-4.658194207267678e-05,0.0,0.0,-0.00030517578125,-0.09440666437149048,2.857787857147983e-10,0.0,0.0,-1.4781951904296875e-05,0.0026098741218447685,0.0,0.0,0.0008829894273330617,0.0008829894273330617,0.0009316423479417028,4.8652920608641126e-05,0.0009316423479417028,0.01015925407409668,0.007193024999651243,0.003025003001312143,8.625998816569336e-06
0.438157320022583,0.0,0.003506206441670656,-0.0014999338924831247,0.0,0.0,0.0002899169921875,0.10352547466754913,9.20204841991182e-09,0.0,0.0,4.76837158203125e-07,-0.005345483776181936,0.0,0.0,0.001497246594506736,0.001497246594506736,0.029998790758232058,0.02850154416372532,0.029998790758232058,0.010252237319946289,0.008465518001685268,0.0030823379984212806,9.189001502818428e-06
0.44974184036254883,0.0,0.006262921262532473,0.0008384691822631728,0.0,0.0,-0.0003662109375,-0.02620404213666916,-5.1439827131424e-09,0.0,0.0,-1.0013580322265625e-05,0.005893715191632509,0.0,0.0,0.0006452970578291252,0.0006452970578291252,-0.016769446761615764,-0.01741474381944489,-0.016769446761615764,0.01158452033996582,0.007266954000442638,0.0030248439998104004,9.470999430050142e-06
0.4600832462310791,0.0,0.004810055252164602,0.0009221447512878307,0.0,0.0,0.0001068115234375,0.0028383273165673018,-5.657329762360596e-09,0.0,0.0,-9.5367431640625e-07,0.0031053347047418356,0.0,0.0,6.351608354646199e-05,6.351608354646199e-05,-0.01844296444084572,-0.01850648052439218,-0.01844296444084572,0.010341405868530273,0.007278273000338231,0.0034179030008090194,1.3531998774851672e-05
0.4708242416381836,0.0,-0.0042573013342916965,-0.0015717697304580727,0.0,0.0,-0.0006256103515625,-0.017688028514385223,9.642759082323796e-09,0.0,0.0,-3.2901763916015625e-05,-0.007629090454429388,0.0,0.0,0.0015281377235711448,0.0015281377235711448,0.03143551292522381,0.029907375201652667,0.03143551292522381,0.010740995407104492,0.00848852099989017,0.002994380000018282,8.975999662652612e-06
0.4823586940765381,0.0,0.003051715437322855,-0.0003170397851476577,0.0,0.0,-9.1552734375e-05,-0.039443716406822205,1.945029356685471e-09,0.0,0.0,-9.5367431640625e-07,0.0008478086674585938,0.0,0.0,0.001023490516048823,0.001023490516048823,0.006340819568344035,0.005317329052295212,0.006340819568344035,0.011534452438354492,0.007840094000130193,0.0028455609990487574,9.203000445268117e-06
0.49308013916015625,0.0,-0.004994912073016167,-0.0014695931234347918,0.0,0.0,-0.00054931640625,-0.039093539118766785,9.015908732503387e-09,0.0,0.0,-2.2411346435546875e-05,-0.00484071159735322,0.0,0.0,0.0019165125488038327,0.0019165125488038327,0.029391973093342856,0.027475460544539025,0.029391973093342856,0.010721445083618164,0.0065079249998234445,0.002813004999552504,9.072000466403551e-06
0.5024361610412598,0.0,-0.0009715984342619777,0.0002175261053371598,0.0,0.0,-0.0005035400390625,-0.023246152326464653,-1.3345159836301946e-09,0.0,0.0,-1.430511474609375e-06,0.003403356997296214,0.0,0.0,0.0011136239426005076,0.0011136239426005076,-0.0043505384811724414,-0.005464162423772949,-0.0043505384811724414,0.009356021881103516,0.006385974998920574,0.0024581060006312327,8.6860000010347e-06
0.5113136768341064,0.0,-0.002744835801422596,0.0006735117617101219,0.0,0.0,-0.000274658203125,-0.018693845719099045,-4.131973998118307e-09,0.0,0.0,-4.76837158203125e-07,0.0030755300540477037,0.0,0.0,0.0005897908897223356,0.0005897908897223356,-0.013470285933269897,-0.014060076822992233,-0.013470285933269897,0.00887751579284668,0.007320673999856808,0.0032657870015100343,9.003999366541393e-06
0.5219364166259766,0.0,0.0018074673134833574,0.00042080313141055684,0.0,0.0,-3.0517578125e-05,0.01241978071630001,-2.5816143030677104e-09,0.0,0.0,-2.1457672119140625e-05,0.0009893683018162847,0.0,0.0,0.0006249922417789616,0.0006249922417789616,-0.008416094304460253,-0.009041086546239214,-0.008416094304460253,0.010622739791870117,0.008078468999883626,0.002819168999849353,8.938999599195085e-06
0.5328688621520996,0.0,0.001546697341836989,0.0007798419151247341,0.0,0.0,-0.000274658203125,0.02113695815205574,-4.784306227639497e-09,0.0,0.0,-4.291534423828125e-06,0.002485072473064065,0.0,0.0,6.22939287590903e-05,6.22939287590903e-05,-0.015596897005638577,-0.015659190934397667,-0.015596897005638577,0.010932445526123047,0.008235921999585116,0.003225106000172673,8.78999890119303e-06
0.5443651676177979,0.0,0.0032603302970528603,-0.0023910557767735812,0.0,0.0,-0.00042724609375,0.06293471902608871,1.4669053844869968e-08,0.0,0.0,-1.0967254638671875e-05,-0.010816077701747417,0.0,0.0,0.0017530830827126433,0.0017530830827126433,0.047821295523862356,0.04606821244114971,0.047821295523862356,0.011496305465698242,0.007869904999097344,0.0032143410007847706,8.539998816559091e-06
0.5554840564727783,0.0,-0.00993464794009924,-0.0009724227344493799,0.0,0.0,-3.0517578125e-05,-0.0193047933280468,5.9657836467795675e-09,0.0,0.0,-1.2874603271484375e-05,-0.0004932988085784018,0.0,0.0,0.0017666928748485127,0.0017666928748485127,0.019448527888786944,0.01768183501393843,0.019448527888786944,0.011118888854980469,0.009130308999374392,0.0034048399993480416,9.151000995188951e-06
0.5680556297302246,0.0,-0.007282239850610495,0.0012023067749837523,0.0,0.0,-0.0002593994140625,0.07123466581106186,-7.376115183764997e-09,0.0,0.0,-2.09808349609375e-05,0.007177073508501053,0.0,0.0,0.000692446332791134,0.000692446332791134,-0.024046226004155822,-0.024738672336946956,-0.024046226004155822,0.012571573257446289,0.00818694199915626,0.0032257720013149083,8.688999514561146e-06
0.5795040130615234,0.0,0.0043630171567201614,-0.0008892733098650541,0.0,0.0,-6.103515625e-05,-0.04781816527247429,5.455664477563326e-09,0.0,0.0,-1.3828277587890625e-05,-0.004721504636108875,0.0,0.0,0.0013078588889665903,0.0013078588889665903,0.017785533137969513,0.016477674249002924,0.017785533137969513,0.011448383331298828,0.007866752999689197,0.0033783649996621534,9.153000064543448e-06
0.590785026550293,0.0,0.0052570863626897335,-0.0010517862328820078,0.0,0.0,-0.0003204345703125,0.016696413978934288,6.452676275188425e-09,0.0,0.0,-1.71661376953125e-05,-0.0029724817723035812,0.0,0.0,0.0017316767475799846,0.0017316767475799846,0.02103580383158218,0.019304127084002195,0.02103580383158218,0.011281013488769531,0.008215878999180859,0.0034723450007732026,8.656999852973968e-06
0.6025073528289795,0.0,-0.0011504151625558734,-0.0002437642675323158,0.0,0.0,-6.103515625e-05,-0.011407172307372093,1.495486303841851e-09,0.0,0.0,0.0,0.0009744628332555294,0.0,0.0,0.0013380755829146824,0.0013380755829146824,0.0048753037001715155,0.0035372281172568326,0.0048753037001715155,0.011722326278686523,0.009918285000821925,0.003465505000349367,8.937000529840589e-06
0.6159257888793945,0.0,0.0028356441762298346,0.00024262329979439143,0.0,0.0,-3.0517578125e-05,0.028624802827835083,-1.4884865017688705e-09,0.0,0.0,-8.106231689453125e-06,0.0019411768298596144,0.0,0.0,0.001063693313576505,0.001063693313576505,-0.004852484259525887,-0.005916177573102392,-0.004852484259525887,0.013418436050415039,0.008451486999547342,0.003248748998885276,9.344001227873378e-06
0.627662181854248,0.0,0.004556727129966021,-0.0009360819392846992,0.0,0.0,-0.00067138671875,-0.05910578370094299,5.7428339831981425e-09,0.0,0.0,-5.1021575927734375e-05,-0.0036169567611068487,0.0,0.0,0.0019910604704743515,0.0019910604704743515,0.018721709249914634,0.016730648779440284,0.018721709249914634,0.011736392974853516,0.008094052000160445,0.003279907001342508,9.046998457051814e-06
0.6390712261199951,0.0,-0.008876671083271503,-0.0011571156647045347,0.0,0.0,-0.000457763671875,0.001772916759364307,7.098869108439307e-09,0.0,0.0,-4.76837158203125e-06,-0.003112182253971696,0.0,0.0,0.001923930173458864,0.001923930173458864,0.023142400396779138,0.021218470223320275,0.023142400396779138,0.01140904426574707,0.007989723999344278,0.002893230999688967,8.700999387656339e-06
0.6499884128570557,0.0,-0.0023574125953018665,-0.001827392752068285,0.0,0.0,-0.00054931640625,-0.03223153576254845,1.121099847866626e-08,0.0,0.0,-2.47955322265625e-05,-0.005066097714006901,0.0,0.0,0.002793934036990106,0.002793934036990106,0.036547992599629237,0.03375405856263913,0.036547992599629237,0.010917186737060547,0.008084077000603429,0.0029409769995254464,9.006000254885294e-06
0.661048412322998,-6.103515625e-05,-0.007498313207179308,-0.0002563843258788141,0.0,0.0,-1.52587890625e-05,0.1093369573354721,1.5729099746773277e-09,0.0,0.0,-1.430511474609375e-06,0.0023658566642552614,0.0,0.0,0.0020806300547558513,0.0020806300547558513,0.005127705817085172,0.003047075762329321,0.005127705817085172,0.011059999465942383,0.007086861000061617,0.0027839689992106287,9.249000868294388e-06
0.670954704284668,0.0,-0.0005692742997780442,-0.00011065432032839392,0.0,0.0,-7.62939453125e-05,-0.10034473985433578,6.788608608934207e-10,0.0,0.0,-4.291534423828125e-06,0.0009185810922645032,0.0,0.0,0.0018708071614938128,0.0018708071614938128,0.002213094736148993,0.0003422875746551799,0.002213094736148993,0.009906291961669922,0.0077523899999505375,0.0030587730016122805,9.183999281958677e-06
0.6818013191223145,0.0,0.002969752298668027,3.6990919517320775e-05,0.0,0.0,-0.0005950927734375,0.07404354959726334,-2.269381565423069e-10,0.0,0.0,-4.76837158203125e-05,0.0010135764023289084,0.0,0.0,0.002066148550238365,0.002066148550238365,-0.0007398211748636738,-0.002805969725102039,-0.0007398211748636738,0.010846614837646484,0.007284716999492957,0.0032202540005528135,8.612998499302194e-06
0.692340612411499,-6.103515625e-05,0.0038414690643548965,0.0005047601857478749,0.0,0.0,-0.000152587890625,0.035740114748477936,-3.0966882560445155e-09,0.0,0.0,-1.0013580322265625e-05,0.002399384044110775,0.0,0.0,0.0012531603475459878,0.0012531603475459878,-0.010095241711132418,-0.011348402058678406,-0.010095241711132418,0.01053929328918457,0.00786040399907506,0.003218410000044969,8.701001206645742e-06
0.7034528255462646,0.0,0.003819118021056056,0.001321119980511118,0.0,0.0,-0.00018310546875,-0.026002850383520126,-8.105030555080308e-09,0.0,0.0,-3.0040740966796875e-05,0.004967971239238977,0.0,0.0,0.000654697761378789,0.000654697761378789,-0.026422499058450028,-0.027077196819828817,-0.026422499058450028,0.011112213134765625,0.008631568000055267,0.0031948409996402916,8.96399978955742e-06
0.715313196182251,0.0,0.0007792833494022489,-0.00032822076089330686,0.0,0.0,-0.0003204345703125,-0.007853236049413681,2.0136242999085966e-09,0.0,0.0,-2.47955322265625e-05,-0.0031289488542824984,0.0,0.0,0.001057799046438186,0.001057799046438186,0.006564439924912761,0.0055066408784745745,0.006564439924912761,0.011860370635986328,0.008129990999805159,0.0031969589999789605,8.68900133355055e-06
0.726675271987915,0.0,0.004698287229984999,0.00021716341578623794,0.0,0.0,-0.000274658203125,0.04880842939019203,-1.3322908943607905e-09,0.0,0.0,-2.2411346435546875e-05,0.0011756242020055652,0.0,0.0,0.00082098971346449,0.00082098971346449,-0.004343284662852295,-0.005164274376316785,-0.004343284662852295,0.011362075805664062,0.007946690999233397,0.0027920209995500045,9.129000318353064e-06
0.7374484539031982,0.0,-0.00014458861551247537,0.00032476351132008886,0.0,0.0,-9.1552734375e-05,-0.07198038697242737,-1.9924141798280355e-09,0.0,0.0,-1.430511474609375e-05,0.001184936729259789,0.0,0.0,0.0005358621329530782,0.0005358621329530782,-0.006495294673201528,-0.007031156806154606,-0.006495294673201528,0.010773181915283203,0.006899141999383573,0.0026949120001518168,8.834000254864804e-06
0.7470784187316895,0.0,-0.007386554032564163,0.00024565105574193315,0.0,0.0,-0.0001983642578125,-0.04970315098762512,-1.5070616916306251e-09,0.0,0.0,-2.86102294921875e-06,0.0005758500774390996,0.0,0.0,0.0003183857705184169,0.0003183857705184169,-0.004913039606393161,-0.005231425376911578,-0.004913039606393161,0.009629964828491211,0.007305625000299187,0.0027661990006890846,9.47499938774854e-06
0.7571861743927002,0.0,0.006397020537406206,-0.0009484067127988034,0.0,0.0,-7.62939453125e-05,0.025368906557559967,5.818446090644745e-09,0.0,0.0,-9.5367431640625e-06,-0.004166443832218647,0.0,0.0,0.0009989443254410158,0.0009989443254410158,0.018968205647952638,0.017969261322511622,0.018968205647952638,0.010107755661010742,0.008530635999704828,0.0034994630004803184,9.530000170343556e-06
0.7692537307739258,0.0,0.005420992616564035,-0.0010232922059161687,0.0,0.0,-0.0001983642578125,0.0048723602667450905,6.27786629380728e-09,0.0,0.0,-4.76837158203125e-07,-0.002717306837439537,0.0,0.0,0.001273656847858626,0.001273656847858626,0.020465921147357652,0.019192264299499027,0.020465921147357652,0.012067556381225586,0.00849941900014528,0.003261873998781084,8.98100006452296e-06
0.7810616493225098,0.0,0.0024929132778197527,0.0001319372610717128,0.0,0.0,-0.0004425048828125,-0.015780650079250336,-8.094310494994748e-10,0.0,0.0,-1.6689300537109375e-05,0.002492510015144944,0.0,0.0,0.0010021667723742508,0.0010021667723742508,-0.0026387551531035737,-0.0036409219254778247,-0.0026387551531035737,0.011807918548583984,0.007846959000744391,0.0033191000002261717,1.172500014945399e-05
0.7922680377960205,0.0,0.003871271852403879,0.0014933030893662846,0.0,0.0,-0.00048828125,0.10801820456981659,-9.161368646189891e-09,0.0,0.0,-3.1948089599609375e-05,0.0064245532266795635,0.0,0.0,0.0001538188701637599,0.0001538188701637599,-0.02986617419675693,-0.03001999306692069,-0.02986617419675693,0.011206388473510742,0.008376609001061297,0.0030173019986250438,8.996001270134002e-06
0.8036985397338867,0.0,0.003141115652397275,0.0006853216184092938,0.0,0.0,-0.0001220703125,-0.06922366470098495,-4.2044271067003735e-09,0.0,0.0,-1.3828277587890625e-05,0.0007341723539866507,0.0,0.0,-0.00012553724261979389,-0.00012553724261979389,-0.013706483956248534,-0.01358094671362874,-0.013706483956248534,0.011430501937866211,0.008076817999608465,0.0032967930001177592,8.539998816559091e-06
0.8151061534881592,0.0,0.001732956268824637,-0.0002241612195274977,0.0,0.0,-0.0001068115234375,0.014580467715859413,1.3752222056557891e-09,0.0,0.0,9.5367431640625e-07,-0.0023019416257739067,0.0,0.0,8.810571536702795e-05,8.810571536702795e-05,0.004483241264442047,0.0043951355490750195,0.004483241264442047,0.011407613754272461,0.008258513000328094,0.0031659790001867805,8.725999578018673e-06
0.8265650272369385,0.0,-0.0028864017222076654,-0.0002478229918764781,0.0,0.0,-0.00018310546875,-0.05202027037739754,1.5203864531919176e-09,0.0,0.0,-5.7220458984375e-06,-0.0009124086936935782,0.0,0.0,0.00029015373270666837,0.00029015373270666837,0.004956478492578067,0.004666324759871399,0.004956478492578067,0.011458873748779297,0.007915358000900596,0.0033201740006916225,9.017998308991082e-06
0.8378348350524902,0.0,0.0034167892299592495,-0.001035717731941109,0.0,0.0,-0.0001068115234375,-0.0072646364569664,6.3540965148172776e-09,0.0,0.0,-5.7220458984375e-06,-0.0037603932432830334,0.0,0.0,0.0008458919946914757,0.0008458919946914757,0.020714432603196595,0.01986854060850512,0.020714432603196595,0.011269807815551758,0.008110161001241067,0.003149664999000379,9.223000233760104e-06
0.8491299152374268,0.0,0.003707361873239279,0.0007681597862633489,0.0,0.0,-4.57763671875e-05,0.09206651151180267,-4.712636725424202e-09,0.0,0.0,-2.1457672119140625e-05,0.0048133619129657745,0.0,0.0,0.0002459374187725337,0.0002459374187725337,-0.01536325354903048,-0.015609190967803013,-0.01536325354903048,0.011295080184936523,0.008765806000155862,0.0030833509990770835,9.487001079833135e-06
0.8610143661499023,-6.103515625e-05,0.0013902307255193591,-0.0035536429459741723,0.0,0.0,-0.0005950927734375,-0.16839835047721863,2.1801490465554185e-08,0.0,0.0,-2.193450927734375e-05,-0.015023809857666492,0.0,0.0,0.0025069137457679382,0.0025069137457679382,0.07107312642243394,0.068566212676666,0.07107312642243394,0.011884450912475586,0.006962939000004553,0.002627941001264844,8.899998647393659e-06
0.8706402778625488,0.0,-0.0005394715117290616,-3.2516734518939824e-05,0.0,0.0,-9.1552734375e-05,0.013224467635154724,1.9948916882286566e-10,0.0,0.0,-1.33514404296875e-05,0.005107657518237829,0.0,0.0,0.0015443861913792432,0.0015443861913792432,0.0006503371380986609,-0.0008940490532805823,0.0006503371380986609,0.009625911712646484,0.007394291998934932,0.0030559130009351065,9.145000149146654e-06
0.88112473487854,0.0,-0.003877329872921109,-0.0012523425136276472,0.0,0.0,0.000152587890625,0.037148281931877136,7.68308290549901e-09,0.0,0.0,-9.5367431640625e-07,-0.0037864730693399906,0.0,0.0,0.0019210795860619878,0.0019210795860619878,0.025046944543508837,0.02312586495744685,0.025046944543508837,0.010484457015991211,0.0075747789996967185,0.002945148000435438,8.795999747235328e-06
0.8916788101196289,0.0,0.005763722117990255,0.00046964131048488414,0.0,0.0,-0.000457763671875,-0.07942350953817368,-2.8812350335775655e-09,0.0,0.0,-2.288818359375e-05,0.004275055602192879,0.0,0.0,0.0014079319907799321,0.0014079319907799321,-0.009392861562274781,-0.010800793553054713,-0.009392861562274781,0.010554075241088867,0.006958939999094582,0.0028657550010393606,9.139999747276306e-06
0.9015381336212158,0.0,-0.003229128895327449,-0.0009559119012982063,0.0,0.0,-0.000152587890625,0.049195870757102966,5.864490191866923e-09,0.0,0.0,-4.76837158203125e-06,-0.0038665663450956345,0.0,0.0,0.0017512603389617017,0.0017512603389617017,0.01911830998289899,0.017367049643937288,0.01911830998289899,0.009859323501586914,0.006639180001002387,0.002746021998973447,8.75000114319846e-06
0.9109575748443604,0.0,-0.006574440281838179,-0.0012395573969049792,0.0,0.0,-0.0003662109375,0.020257819443941116,7.604646606588898e-09,0.0,0.0,-1.8596649169921875e-05,-0.0033189489040523767,0.0,0.0,0.002306403978376478,0.002306403978376478,0.024791241246646903,0.022484837268270424,0.024791241246646903,0.009419441223144531,0.007738839998637559,0.0031260659998224583,8.658000297145918e-06
0.9218583106994629,0.0,0.0028058411553502083,-0.0016426403252162581,0.0,0.0,1.52587890625e-05,-0.06052882596850395,1.0077548007209768e-08,0.0,0.0,-9.5367431640625e-07,-0.004226056858897209,0.0,0.0,0.0026612225863073724,0.0026612225863073724,0.03285293015522095,0.030191707568913574,0.03285293015522095,0.010900735855102539,0.00694535999900836,0.002624145001391298,7.72099883761257e-06
0.9314589500427246,0.0,0.0009357446688227355,-0.0014696277528584622,0.0,0.0,-0.000244140625,0.00726400688290596,9.016121182955348e-09,0.0,0.0,-9.5367431640625e-07,-0.002721040975302458,0.0,0.0,0.0029401585265966985,0.0029401585265966985,0.02939266568442302,0.02645250715782632,0.02939266568442302,0.009600639343261719,0.008369942001081654,0.003247533999456209,8.663999324198812e-06
0.9431107044219971,0.0,0.0032454237807542086,0.0009432930190403611,0.0,0.0,-0.000274658203125,-0.003002895973622799,-5.787073736299257e-09,0.0,0.0,-2.4318695068359375e-05,0.007031768094748259,0.0,0.0,0.001977047152106871,0.001977047152106871,-0.01886593138784693,-0.020842978539953802,-0.01886593138784693,0.011651754379272461,0.00792406199980178,0.0034534679998614592,1.08559997897828e-05
0.9545283317565918,0.0,-0.006179559975862503,0.000675550535952358,0.0,0.0,-0.000274658203125,-0.015177145600318909,-4.144481815555027e-09,0.0,0.0,-1.9073486328125e-06,0.0022931979037821293,0.0,0.0,0.0013257359429033242,0.0013257359429033242,-0.013511061571584772,-0.014836797514488097,-0.013511061571584772,0.011417627334594727,0.008406271999774617,0.003138017000310356,1.2500999218900688e-05
0.9661188125610352,0.0,-0.0033334370236843824,-0.0009854506903950184,0.0,0.0,-0.00042724609375,-0.005446686875075102,6.04570975687351e-09,0.0,0.0,-1.6689300537109375e-05,-0.0047196634113788605,0.0,0.0,0.002120390667581564,0.002120390667581564,0.01970908798838818,0.017588697320806618,0.01970908798838818,0.01159048080444336,0.00822764100121276,0.0036313000000518514,1.1533998986124061e-05
0.9780247211456299,0.0,-0.005538806784898043,0.0010648193479260613,0.0,0.0,-0.000396728515625,0.04994093254208565,-6.532634036192889e-09,0.0,0.0,-1.239776611328125e-05,0.005884375888854265,0.0,0.0,0.0011011900201919732,0.0011011900201919732,-0.021296467113540073,-0.022397657133732048,-0.021296467113540073,0.011905908584594727,0.008960768000179087,0.0034795400006260024,1.1222000466659665e-05
0.9905118942260742,0.0,-0.0005394676118157804,0.0013725174085244746,0.0,0.0,-0.0004425048828125,-0.06152720749378204,-8.420352199326147e-09,0.0,0.0,-4.1484832763671875e-05,0.004625226370990276,0.0,0.0,0.0006549474241295363,0.0006549474241295363,-0.02745045148769439,-0.028105398911823926,-0.02745045148769439,0.012487173080444336,0.008569080999222933,0.003262349000578979,1.0514000678085722e-05
1.0023856163024902,0.0,-0.0055760606192052364,-0.38342118160182986,0.0,0.0,-0.00054931640625,0.06192891672253609,3.988118298525111e-06,0.0,0.0,-9.5367431640625e-07,0.000929735426325351,0.0014987024226622149,0.6280362129167831,5.2393534771650705,5.2393534771650705,7.66847256600345,2.42911908883838,7.66847256600345,0.011873722076416016,0.008409437999944203,0.0035348189994692802,1.0572999599389732e-05
1.0144164562225342,0.0,-0.00688736280426383,-0.45373719820973574,0.0,0.0,-0.000213623046875,-0.019625138491392136,9.292808477884234e-06,0.0,0.0,-7.152557373046875e-06,0.0016598913352936506,0.009008660090363666,0.6180360354031845,5.309168615473223,5.309168615473223,9.074857986384625,3.765689370911403,9.074857986384625,0.012030839920043945,0.00890624299972842,0.0037091300000611227,1.0435000149300322e-05
1.0270922183990479,-0.004638671875,-0.8479536175727844,-0.4907777887606266,0.0,0.0,-0.0003662109375,0.06797879189252853,2.0576073171410975e-05,0.0,0.0,-6.4849853515625e-05,-0.02303692139685154,0.016695605296516387,0.5922556952098518,5.247871214840248,5.247871214840248,9.815808242368004,4.567937027527757,9.815808242368004,0.012675762176513672,0.009558630999890738,0.003600390000428888,1.0801999451359734e-05
1.0402991771697998,-0.0223388671875,-1.8333474397659302,-0.4847066706933064,0.0,0.0,-0.0002593994140625,-0.028290167450904846,3.805419977365773e-05,0.0,0.0,-0.00012874603271484375,0.020474471151828766,0.024252239952667138,0.5494578346540977,5.029744650055552,5.029744650055552,9.694600336562726,4.664855686507174,9.694600336562726,0.013206958770751953,0.00865163300113636,0.0032330169997294433,1.1023999832104892e-05
1.052232265472412,-0.0506591796875,-2.9019205570220947,-0.4669148069926934,0.0,0.0,-0.00048828125,-0.038601770997047424,6.125486780673924e-05,0.0,0.0,0.0002579689025878906,0.01700436696410179,0.030512257585121,0.49776187716197545,4.713226264515712,4.713226264515712,9.33904773332387,4.625821468808158,9.33904773332387,0.011933088302612305,0.009087582999200094,0.0033940060002350947,1.0699000995373353e-05
1.0647618770599365,-0.0958251953125,-3.916774272918701,-0.3994236707971238,0.0,0.0,-0.00164794921875,-0.31983140110969543,6.849514949541916e-05,0.0,0.0,0.0003261566162109375,0.15159910917282104,0.03634584841992478,0.4314822696535849,4.244501324037941,4.244501324037941,7.989313847224608,3.7448125231866674,7.989313847224608,0.012529611587524414,0.0088578190006956,0.00383321099980094,1.0944999303319491e-05
1.077502727508545,-0.1541748046875,-4.9596452713012695,-0.29183977974318004,0.0,0.0,-0.005645751953125,-0.07321718335151672,4.67266562143428e-05,0.0,0.0,0.0037369728088378906,0.3324192464351654,0.04135499195654427,0.35314959027527343,3.596979856296931,3.596979856296931,5.8373689280686705,2.24038907177174,5.8373689280686705,0.012740850448608398,0.009411482998984866,0.004053098000440514,1.1591000657062978e-05
1.0910189151763916,-0.2286376953125,-5.797098159790039,-0.19595242961900772,0.0,0.0,-0.0037689208984375,-0.03670187667012215,2.2641754944670213e-05,0.0,0.0,0.007984161376953125,0.3560228943824768,0.045510222001307804,0.26022392613047124,2.798029107175898,2.798029107175898,3.919326405324254,1.121297298148356,3.919326405324254,0.01351618766784668,0.008608558999185334,0.003290288999778568,9.475001206737943e-06
1.1029667854309082,-0.301513671875,-6.368227005004883,-0.1024612067910449,0.0,0.0,-0.003265380859375,0.04127590358257294,8.827224986456547e-06,0.0,0.0,0.01233530044555664,0.38395705819129944,0.0480956830657494,0.17175303755200672,2.005366229665305,2.005366229665305,2.0493324453299313,0.04396621566462633,2.0493324453299313,0.011947870254516602,0.0076197349990252405,0.003058313999645179,1.2452001101337373e-05
1.113696813583374,-0.3724365234375,-6.824874401092529,-0.02745638488846215,0.0,0.0,-0.0032958984375,-0.015244205482304096,1.8161965655932185e-06,0.0,0.0,0.016448497772216797,0.34988725185394287,0.04949646319101657,0.08894658883986498,1.2464313775215188,1.2464313775215188,0.549149982389679,-0.6972813951318397,0.549149982389679,0.01073002815246582,0.009775964999789721,0.003972956999859889,1.0015000952989794e-05
1.1274933815002441,-0.46710205078125,-6.735731601715088,0.054572419679307704,0.0,0.0,-0.0023651123046875,0.05613236129283905,-2.8459154683209865e-06,0.0,0.0,0.020477771759033203,0.3016669750213623,0.049975458467898005,-0.019683730131011018,0.2630237828248505,0.2630237828248505,-1.0914833127943535,-1.354507095619204,-1.0914833127943535,0.013796567916870117,0.007353041999522247,0.0023858450003899634,7.425998774124309e-06
1.1372859477996826,-0.53277587890625,-6.708188533782959,0.1227728423835206,0.0,0.0,-0.0024566650390625,-0.11943312734365463,-5.169011011824114e-06,0.0,0.0,0.022882938385009766,0.2823997735977173,0.04940527768277185,-0.09662103902001641,-0.4597408952506751,-0.4597408952506751,-2.455520271118408,-1.9957793758677331,-2.455520271118408,0.009792566299438477,0.006591445999220014,0.0027136250009789364,7.13299959897995e-06
1.1466269493103027,-0.595458984375,-6.578094959259033,0.20476266931947484,0.0,0.0,-0.0036468505859375,-0.012219277210533619,-7.208842200442668e-06,0.0,0.0,0.025947093963623047,0.3326297998428345,0.04816483327614633,-0.1686652419208969,-1.1699878276037157,-1.1699878276037157,-4.095341838441033,-2.9253540108373173,-4.095341838441033,0.009341001510620117,0.0066275379995204275,0.002590897000118275,6.8640001700259745e-06
1.1558794975280762,-0.65625,-6.323380947113037,0.28766232077304826,0.0,0.0,-0.002410888671875,0.09185044467449188,-1.0944697850190197e-05,0.0,0.0,0.029027462005615234,0.3699236214160919,0.04628256186993987,-0.237741805910347,-1.8736811708693026,-1.8736811708693026,-5.75338070623213,-3.879699535362827,-5.75338070623213,0.009252548217773438,0.007027608000498731,0.0028285829994274536,8.475000868202187e-06
1.1657733917236328,-0.71673583984375,-5.749072551727295,0.3530924592954098,0.0,0.0,-0.0022430419921875,0.0777241438627243,-1.7391510787903402e-05,0.0,0.0,0.032946109771728516,0.3207889497280121,0.04357916682183659,-0.30803150967639004,-2.6014245678043704,-2.6014245678043704,-7.062062578678593,-4.460638010874223,-7.062062578678593,0.00989389419555664,0.00748852899960184,0.0025229740003851475,6.940999810467474e-06
1.1758208274841309,-0.7689208984375,-5.163308620452881,0.4267893598620525,0.0,0.0,-0.0016632080078125,0.03421275317668915,-3.2787676984165446e-05,0.0,0.0,0.03604316711425781,0.3391750752925873,0.040145558194295584,-0.3745398608044697,-3.304669237488541,-3.304669237488541,-8.536189500026122,-5.231520262537582,-8.536189500026122,0.010047435760498047,0.006019336000463227,0.002783408999675885,7.3640003392938524e-06
1.1846590042114258,-0.8116455078125,-4.478760242462158,0.4713674501027277,0.0,0.0,-0.0017547607421875,-0.007585007697343826,-6.14249206850306e-05,0.0,0.0,0.038970947265625,0.2620241641998291,0.03659476322845475,-0.42814701760111923,-3.893569818524642,-3.893569818524642,-9.42810268206294,-5.534532863538298,-9.42810268206294,0.008838176727294922,0.006515013999887742,0.0030077920000621816,8.302000424009748e-06
1.1942193508148193,-0.84783935546875,-3.3344459533691406,0.5503369168348387,0.0,0.0,-0.002777099609375,-0.12353840470314026,-0.00014485337865541775,0.0,0.0,0.04196023941040039,0.36001989245414734,0.03224759381336467,-0.48017558907185254,-4.4951907691899455,-4.4951907691899455,-11.00851567876612,-6.513324909576173,-11.00851567876612,0.009560346603393555,0.006510451999929501,0.0024294270006066654,7.1140002546599135e-06
1.2031941413879395,-0.87213134765625,-2.3123512268066406,0.5889557779167988,0.0,0.0,-0.0028533935546875,0.1662370264530182,-0.00032627127601347276,0.0,0.0,0.04453706741333008,0.2747870683670044,0.02774237978958984,-0.522730863985013,-5.005083342472663,-5.005083342472663,-11.783118886875918,-6.778035544403257,-11.783118886875918,0.008974790573120117,0.006360429000778822,0.0023742220000713132,7.3520004661986604e-06
1.2119643688201904,-0.88623046875,-1.1378474235534668,0.6150179239523936,0.0,0.0,0.000823974609375,0.46060946583747864,-0.000686776698586496,0.0,0.0,0.04663228988647461,0.20404009521007538,0.02299887408645149,-0.5579032379015707,-5.4419620468157905,-5.4419620468157905,-12.30878518700578,-6.8668231401899895,-12.30878518700578,0.008770227432250977,0.0063878189994284185,0.0025267809996876167,7.1450012910645455e-06
1.220914363861084,-0.8897705078125,0.053619805723428726,0.593439136535928,0.0,0.0,0.0049896240234375,0.4519593417644501,-0.001224702301758502,0.0,0.0,0.04728221893310547,-0.01515784952789545,0.017870856832530143,-0.5868148584756975,-5.783843215001904,-5.783843215001904,-11.883809752825648,-6.099966537823745,-11.883809752825648,0.008949995040893555,0.006169453001348302,0.002179735998652177,7.017000825726427e-06
1.229297399520874,-0.8846435546875,0.9895021915435791,0.5874650045003137,0.0,0.0,0.006378173828125,0.017843812704086304,-0.0020743122929412963,0.0,0.0,0.04684734344482422,-0.07281976193189621,0.012861591869195794,-0.6071754363900647,-6.0359079378280605,-6.0359079378280605,-11.774751774581606,-5.738843836753546,-11.774751774581606,0.008383035659790039,0.006013521000568289,0.002911760000642971,7.806998837622814e-06
1.2382583618164062,-0.8682861328125,2.245478868484497,0.5666145866151938,0.0,0.0,0.0052032470703125,-0.14874373376369476,-0.0030604629805478603,0.0,0.0,0.04515409469604492,-0.18383342027664185,0.007350748835630892,-0.6214913888378242,-6.2135985754006935,-6.2135985754006935,-11.369843425315795,-5.156244849915101,-11.369843425315795,0.008960962295532227,0.007079888000589563,0.0025708110006235074,7.50700019125361e-06
1.2479450702667236,-0.84185791015625,3.177377939224243,0.5717463643435099,0.0,0.0,0.0026702880859375,-0.3165978789329529,-0.004607340241554455,0.0,0.0,0.043612003326416016,-0.15315751731395721,0.0012910069396972208,-0.6281090522352766,-6.338869561980036,-6.338869561980036,-11.491459068973748,-5.152589506993713,-11.491459068973748,0.009686708450317383,0.006490596000730875,0.002543458998843562,8.41000110085588e-06
1.257016897201538,-0.80712890625,4.182431221008301,0.5692759419635436,0.0,0.0,-6.103515625e-05,-0.6360191702842712,-0.006551570125378945,0.0,0.0,0.041558265686035156,-0.16485309600830078,-0.004403135504483632,-0.6258774709225376,-6.380048190656623,-6.380048190656623,-11.465906202770444,-5.085858012113821,-11.465906202770444,0.009071826934814453,0.006546939001054852,0.0027269519996480085,7.526999979745597e-06
1.2663278579711914,-0.763671875,5.154533386230469,0.5505297837439876,0.0,0.0,-0.006195068359375,-0.6019178628921509,-0.008298672157676655,0.0,0.0,0.039791107177734375,-0.22294527292251587,-0.010187263101368358,-0.6151388813070197,-6.3437235944836825,-6.3437235944836825,-11.112419873130907,-4.768696278647225,-11.112419873130907,0.00931096076965332,0.006289461000051233,0.0027934850004385225,7.70800033933483e-06
1.275446891784668,-0.711181640625,6.106204509735107,0.5001686396879605,0.0,0.0,-0.0081329345703125,0.07112289220094681,-0.00831553996134109,0.0,0.0,0.03697395324707031,-0.3679858148097992,-0.015717652206388946,-0.5964666444494467,-6.204612264612377,-6.204612264612377,-10.10540395892649,-3.9007916943141123,-10.10540395892649,0.009119033813476562,0.005905342999540153,0.002480150000337744,8.379000064451247e-06
1.2838687896728516,-0.6552734375,6.8953351974487305,0.4786387326487097,0.0,0.0,-0.006134033203125,0.24385717511177063,-0.008166705663097166,0.0,0.0,0.03393411636352539,-0.33144065737724304,-0.020643720072759487,-0.5722649599084051,-6.01532014091534,-6.01532014091534,-9.672979630433005,-3.6576594895176657,-9.672979630433005,0.008421897888183594,0.006033837000359199,0.0021985660005157115,7.1069989644456655e-06
1.2921364307403564,-0.5933837890625,7.677226543426514,0.43251109211550687,0.0,0.0,-0.0051727294921875,-0.051990482956171036,-0.0065964632789161344,0.0,0.0,0.03064250946044922,-0.4155708849430084,-0.02525518024862222,-0.5422757847172738,-5.756779466514157,-5.756779466514157,-8.731160042049417,-2.9743805755352613,-8.731160042049417,0.008267641067504883,0.006186169001011876,0.002781310999125708,7.041000571916811e-06
1.301138162612915,-0.51666259765625,8.66195297241211,0.36384651789612577,0.0,0.0,-0.004913330078125,0.03984537720680237,-0.004098577962502026,0.0,0.0,0.026102542877197266,-0.537077009677887,-0.0299647881939345,-0.5029863839186223,-5.387579579184587,-5.387579579184587,-7.3272196580746565,-1.9396400788900692,-7.3272196580746565,0.009001731872558594,0.006233412001165561,0.002443552999466192,7.448999895132147e-06
1.3098504543304443,-0.4354248046875,9.510245323181152,0.3091898620123363,0.0,0.0,-0.005126953125,-0.0809359923005104,-0.0022582346528808766,0.0,0.0,0.021164417266845703,-0.5488227605819702,-0.034158799318609566,-0.4588319771276996,-4.964134961123282,-4.964134961123282,-6.2115056408948774,-1.247370679771596,-6.2115056408948774,0.008712291717529297,0.006245040998692275,0.002559706999818445,7.1330014179693535e-06
1.3186910152435303,-0.352294921875,9.900323867797852,0.2601010471851834,0.0,0.0,-0.005828857421875,0.05560334399342537,-0.001114535212097027,0.0,0.0,0.016175270080566406,-0.534474790096283,-0.03799621850368578,-0.40841427142038844,-4.483090252875007,-4.483090252875007,-5.215696222379362,-0.7326059695043559,-5.215696222379362,0.008840560913085938,0.006701382000755984,0.003004632999363821,7.971000741235912e-06
1.3284327983856201,-0.251708984375,10.547150611877441,0.21221470972078194,0.0,0.0,-0.003997802734375,0.27269092202186584,-0.0004897305477529772,0.0,0.0,0.011182308197021484,-0.5000625252723694,-0.041680614106853205,-0.34705176351713474,-3.9098775843892,-3.9098775843892,-4.250303158191599,-0.34042557380239935,-4.250303158191599,0.009741783142089844,0.006555873000252177,0.002684750001208158,7.778999133734033e-06
1.3377091884613037,-0.151611328125,10.868888854980469,0.14457610440464813,0.0,0.0,-0.002349853515625,0.255360871553421,-0.00018439167008219156,0.0,0.0,0.006171226501464844,-0.5468485355377197,-0.04460984335658744,-0.2837779969709765,-3.3006643752619285,-3.3006643752619285,-2.893784562572442,0.4068798126894866,-2.893784562572442,0.009276390075683594,0.006545210999320261,0.0023683079998590983,7.242000719998032e-06
1.3466582298278809,-0.04986572265625,11.353616714477539,0.0791168906410607,0.0,0.0,-0.0011138916015625,-0.06130370497703552,-5.9173976068387286e-05,0.0,0.0,0.0014247894287109375,-0.5531368851661682,-0.0468622514230703,-0.2190767120648042,-2.6694181359458278,-2.6694181359458278,-1.5830638738772498,1.086354262068578,-1.5830638738772498,0.008949041366577148,0.006214854000063497,0.002680724999663653,7.2879993240348995e-06
1.3555889129638672,0.04998779296875,11.56202220916748,0.011585021362660514,0.0,0.0,-0.001861572265625,-0.03461572527885437,-5.3598602387166594e-06,0.0,0.0,-0.0032978057861328125,-0.5573707818984985,-0.04851985251113409,-0.15174844060343495,-2.0048646567322876,-2.0048646567322876,-0.2317661924095118,1.7730984643227758,-0.2317661924095118,0.008930683135986328,0.006158142999993288,0.0023612889999640174,7.72400017012842e-06
1.3641443252563477,0.1510009765625,11.61807918548584,-0.052810755668229084,0.0,0.0,-0.0016632080078125,-0.030845725908875465,1.5857495074600924e-05,0.0,0.0,-0.008222579956054688,-0.5460495352745056,-0.04953548496096037,-0.08544737432236744,-1.33699935897197,-1.33699935897197,1.0564096838562897,2.3934090428282597,1.0564096838562897,0.008555412292480469,0.006148407001091982,0.0023749470001348527,7.472999641322531e-06
1.3727030754089355,0.2520751953125,11.822956085205078,-0.13517960747696828,0.0,0.0,-0.002197265625,-0.024289220571517944,2.7507644536397743e-05,0.0,0.0,-0.013534069061279297,-0.6050942540168762,-0.04997917317541209,-0.018133271499689525,-0.6373431556272413,-0.6373431556272413,2.7039296666502333,3.3412728222774746,2.7039296666502333,0.00855875015258789,0.0060478890009108,0.0022978959987085545,4.289000571588986e-06
1.3810739517211914,0.34844970703125,11.50158405303955,-0.1979760003652918,0.0,0.0,-0.0018157958984375,0.08445946127176285,2.8384535133183176e-05,0.0,0.0,-0.017895221710205078,-0.5635546445846558,-0.04985442340683711,0.04791144772220863,0.046025565023253834,0.046025565023253834,3.959868283810529,3.9138427187872753,3.959868283810529,0.00837087631225586,0.004444440999577637,0.0014847689999442082,3.728999217855744e-06
1.3870224952697754,0.4146728515625,11.406940460205078,-0.26402929134364267,0.0,0.0,-0.00146484375,0.02250044047832489,3.321373760507939e-05,0.0,0.0,-0.020989418029785156,-0.6076863408088684,-0.049430461944091786,0.09456511756339339,0.5695458202246395,0.5695458202246395,5.280993357395605,4.711447537170965,5.280993357395605,0.005948543548583984,0.003610203999414807,0.0016911780003283639,4.829000317840837e-06
1.3923454284667969,0.47674560546875,11.162357330322266,-0.3135614813028456,0.0,0.0,-0.002410888671875,-0.21451742947101593,4.0437647797102316e-05,0.0,0.0,-0.024502277374267578,-0.586067795753479,-0.048816932138210395,0.13587212753397113,1.0528578389470977,1.0528578389470977,6.271725793514533,5.218867954567435,6.271725793514533,0.005322933197021484,0.0045733139995718375,0.0017902580002555624,4.940000508213416e-06
1.398733139038086,0.54669189453125,10.855788230895996,-0.364071215555008,0.0,0.0,-0.0030059814453125,-0.02305985987186432,5.552851331827303e-05,0.0,0.0,-0.028310298919677734,-0.5677115321159363,-0.047792764746492224,0.18462373738028193,1.6028867513611331,1.6028867513611331,7.282105642551901,5.679218891190768,7.282105642551901,0.0063877105712890625,0.004742109000289929,0.0016884779997781152,5.328000042936765e-06
1.405186414718628,0.61529541015625,10.470663070678711,-0.41251047519408196,0.0,0.0,-0.0023193359375,0.1283806562423706,8.412315622610191e-05,0.0,0.0,-0.03184652328491211,-0.5486008524894714,-0.046445579151429287,0.23266735380088716,2.1464231818132635,2.1464231818132635,8.251241689847578,6.104818508034315,8.251241689847578,0.006453275680541992,0.004622704998837435,0.0018753650001599453,4.969000656274147e-06
1.4117074012756348,0.6807861328125,9.856490135192871,-0.46330720814984233,0.0,0.0,-0.0020599365234375,0.024817589670419693,0.00014204493633949782,0.0,0.0,-0.03548622131347656,-0.5443187355995178,-0.04477420201448039,0.27966057148327417,2.6865674143104097,2.6865674143104097,9.267887045651275,6.581319631340865,9.267887045651275,0.006520986557006836,0.004760107000038261,0.001720129001114401,4.751000233227387e-06
1.418210506439209,0.74176025390625,9.434813499450684,-0.525092535601529,0.0,0.0,-0.002105712890625,0.021166805177927017,0.00027764937777161974,0.0,0.0,-0.039095401763916016,-0.5856853127479553,-0.042808140478308825,0.3246560478062266,3.2204920396626386,3.2204920396626386,10.505257452862049,7.28476541319941,10.505257452862049,0.006503105163574219,0.004878259998804424,0.001725964999423013,4.317000275477767e-06
1.424835443496704,0.79998779296875,8.552911758422852,-0.5907823965345356,0.0,0.0,-0.0018768310546875,0.058710284531116486,0.0006167291941807987,0.0,0.0,-0.04274940490722656,-0.627668559551239,-0.040511536598948156,0.36826443271480325,3.753763596519927,3.753763596519927,11.823215160066972,8.069451563547045,11.823215160066972,0.006624937057495117,0.00456532299904211,0.0016716810005164007,4.714000169769861e-06
1.4310941696166992,0.8525390625,7.838961124420166,-0.6261792720155318,0.0,0.0,-0.0028839111328125,-0.34278661012649536,0.001236745081244819,0.0,0.0,-0.0463871955871582,-0.5489391684532166,-0.038083813526561504,0.40712386781070226,4.237447049198837,4.237447049198837,12.5387602265832,8.301313177384362,12.5387602265832,0.006258726119995117,0.004633643000488519,0.0016940389996307204,4.726000042865053e-06
1.437443494796753,0.89910888671875,7.042880535125732,-0.6531210385238317,0.0,0.0,-0.003509521484375,0.016621951013803482,0.0022898037755939783,0.0,0.0,-0.049538612365722656,-0.4829995930194855,-0.03538043474460741,0.4439727081268517,4.692644245569937,4.692644245569937,13.09051652232371,8.397872276753773,13.09051652232371,0.006349325180053711,0.004749197001729044,0.0018480729995644651,4.751000233227387e-06
1.4440622329711914,0.9417724609375,6.2809906005859375,-0.6809120280602986,0.0,0.0,-0.003173828125,0.02198636531829834,0.004001256379952328,0.0,0.0,-0.05261564254760742,-0.44461336731910706,-0.03232297506274126,0.4793745568316315,5.133161967215376,5.133161967215376,13.667335731510907,8.53417376429553,13.667335731510907,0.0066187381744384766,0.004285313001673785,0.001703359999737586,4.71199928142596e-06
1.4500720500946045,0.9742431640625,5.114124774932861,-0.6826654876893989,0.0,0.0,-0.004302978515625,-0.20235808193683624,0.006385339946869155,0.0,0.0,-0.054700374603271484,-0.3234873116016388,-0.029352626042806224,0.5086545428976437,5.494787145069936,5.494787145069936,13.731657483195459,8.236870338125522,13.731657483195459,0.006009817123413086,0.0043262319995847065,0.001946852999026305,5.896001312066801e-06
1.456369400024414,1.003173828125,4.225329399108887,-0.6714977130197529,0.0,0.0,-0.0081329345703125,-0.7006380558013916,0.009543424581615265,0.0,0.0,-0.056307315826416016,-0.1932426542043686,-0.02606093272345829,0.5362215948836007,5.821426948700014,5.821426948700014,13.547051494522378,7.725624545822363,13.547051494522378,0.00629734992980957,0.004696650001278613,0.0018302249991393182,4.883000656263903e-06
1.4629366397857666,1.0252685546875,3.0179693698883057,-0.6480689745488842,0.0,0.0,-0.0096893310546875,0.216513529419899,0.013421350165301875,0.0,0.0,-0.05706214904785156,-0.04959633946418762,-0.022454737876155633,0.561392638665823,6.102259996791633,6.102259996791633,13.126058634106105,7.0237986373144725,13.126058634106105,0.006567239761352539,0.004543085000477731,0.0015656930008844938,4.923998858430423e-06
1.469069004058838,1.03955078125,2.0547502040863037,-0.6675132264001253,0.0,0.0,-0.0052032470703125,0.6962490081787109,0.01939985991670725,0.0,0.0,-0.05748558044433594,-0.12144042551517487,-0.018948839505454465,0.5814498494937075,6.349351619013418,6.349351619013418,13.588299618999098,7.23894799998568,13.588299618999098,0.006132364273071289,0.004409731998748612,0.0016959610002231784,4.773000910063274e-06
1.4751968383789062,1.0482177734375,1.1358165740966797,-0.6404257690016433,0.0,0.0,-0.0009765625,0.7575300335884094,0.025249622220751316,0.0,0.0,-0.05744028091430664,0.046571098268032074,-0.015333178563372508,0.5980448704157757,6.5394795949399285,6.5394795949399285,13.118326695617158,6.57884710067723,13.118326695617158,0.006127834320068359,0.004673932999139652,0.0016811010009405436,4.876999810221605e-06
1.4815738201141357,1.05096435546875,0.12752187252044678,-0.6140432033664747,0.0,0.0,0.00592041015625,1.3006258010864258,0.031855736169644315,0.0,0.0,-0.05667686462402344,0.1446114331483841,-0.011474331597733365,0.6115498484129837,6.68557825317725,6.68557825317725,12.671731995781617,5.986153742604365,12.671731995781617,0.006376981735229492,0.0044933730005141115,0.0017463619988120627,4.575000275508501e-06
1.4878344535827637,1.0487060546875,-0.6578810811042786,-0.5938774173544048,0.0,0.0,0.0168609619140625,1.960532546043396,0.03944281442168281,0.0,0.0,-0.0555720329284668,0.1944689005613327,-0.007614098611374576,0.6209905074370196,6.788706140730485,6.788706140730485,12.36150926022548,5.572803119494995,12.36150926022548,0.00626063346862793,0.004188150000118185,0.0017695570004434558,4.836998414248228e-06
1.4938137531280518,1.0413818359375,-1.4138176441192627,-0.5668969508141963,0.0,0.0,0.0320892333984375,2.838592052459717,0.04640178838958254,0.0,0.0,-0.05408000946044922,0.27047792077064514,-0.003883019743175432,0.626420927667585,6.843522029754986,6.843522029754986,11.907286113074386,5.0637640833194,11.907286113074386,0.005979299545288086,0.004378388000986888,0.001720934998957091,4.8100009735208005e-06
1.4999349117279053,1.03009033203125,-2.049398422241211,-0.525030282083641,0.0,0.0,0.056793212890625,4.535887718200684,0.04594230864678545,0.0,0.0,-0.0518336296081543,0.4058206379413605,-4.089616292964506e-05,0.6283183205458598,6.8433504158304395,6.8433504158304395,11.064314950208242,4.220964534377804,11.064314950208242,0.006121158599853516,0.004361577999588917,0.0017877480004244717,4.3119998736074194e-06
1.5061047077178955,1.0145263671875,-2.6454238891601562,-0.4596929785590214,0.0,0.0,0.0895843505859375,5.594093322753906,0.03469760867881717,0.0,0.0,-0.048459529876708984,0.6197055578231812,0.0038319398811796205,0.6264705971494244,6.770628997693602,6.770628997693602,9.619597100971223,2.8489681032776213,9.619597100971223,0.006169795989990234,0.004360775999884936,0.0016990919993986608,4.522000381257385e-06
1.5121855735778809,0.99609375,-3.3147480487823486,-0.3746730135997618,0.0,0.0,0.1283416748046875,6.7391510009765625,0.018848545086227485,0.0,0.0,-0.04360151290893555,0.8598520159721375,0.0076265350467668025,0.6209664077090665,6.618583954561724,6.618583954561724,7.724730763845006,1.1061468092832825,7.724730763845006,0.0060808658599853516,0.004355855000540032,0.001624746000743471,4.276000254321843e-06
1.5181870460510254,0.97442626953125,-3.7242772579193115,-0.3360447907341606,0.0,0.0,0.1719818115234375,7.803357124328613,0.010342575399227501,0.0,0.0,-0.038405418395996094,0.840588390827179,0.011328037749146452,0.611980385991223,6.440037898189679,6.440037898189679,6.847798580314732,0.40776068212505345,6.847798580314732,0.006001472473144531,0.004285244000129751,0.0017112829991674516,3.970000761910342e-06
1.5242033004760742,0.95013427734375,-4.088440418243408,-0.25893366687170294,0.0,0.0,0.2236480712890625,8.254353523254395,0.0040565428310672955,0.0,0.0,-0.03272247314453125,1.026095986366272,0.01497400244651852,0.599480320396645,6.201976758139992,6.201976758139992,5.228446869102352,-0.97352988903764,5.228446869102352,0.006016254425048828,0.004332417000114219,0.0016346970005542971,4.137000360060483e-06
1.5301902294158936,0.92388916015625,-4.578003406524658,-0.2364027673727667,0.0,0.0,0.270904541015625,8.108180046081543,0.0018830075830951025,0.0,0.0,-0.0267181396484375,0.9298390746116638,0.01851730616255249,0.5836412069932331,5.950098783306252,5.950098783306252,4.751159734977396,-1.1989390483288564,4.751159734977396,0.005986928939819336,0.004488537000725046,0.0018132059994968586,4.7080011427169666e-06
1.536513090133667,0.8939208984375,-4.592166423797607,-0.18535299194154675,0.0,0.0,0.323577880859375,7.720808029174805,0.000720875726044731,0.0,0.0,-0.020740032196044922,1.0117032527923584,0.022145285921885055,0.5633304096707298,5.651935696752617,5.651935696752617,3.7159049397637784,-1.9360307569888389,3.7159049397637784,0.0063228607177734375,0.004531807000603294,0.0019313430002512177,4.773999535245821e-06
1.5429975986480713,0.861572265625,-5.093107223510742,-0.1614745173081568,0.0,0.0,0.3738555908203125,7.510979175567627,0.00032942757970527155,0.0,0.0,-0.014227867126464844,0.9454389214515686,0.02572068282921235,0.538809642361293,5.324955327365527,5.324955327365527,3.2335324023557375,-2.0914229250097893,3.2335324023557375,0.006484508514404297,0.004685173000325449,0.0018192940005974378,4.712999725597911e-06
1.5495238304138184,0.8289794921875,-5.063624858856201,-0.12638603014810643,0.0,0.0,0.4184417724609375,7.012885570526123,0.00014426822107558958,0.0,0.0,-0.008059501647949219,0.9531931281089783,0.02914669122024459,0.5105211428963146,4.968500464335957,4.968500464335957,2.5294907651838705,-2.4390096991520864,2.5294907651838705,0.00652623176574707,0.004621522999514127,0.001675560999501613,4.961999366059899e-06
1.555842638015747,0.7947998046875,-5.377712249755859,-0.11850608567584772,0.0,0.0,0.461456298828125,6.140113830566406,8.021329128998779e-05,0.0,0.0,-0.0022673606872558594,0.8384931087493896,0.03227734954964451,0.4798597754707945,4.6111169523105735,4.6111169523105735,2.3711059256799976,-2.240011026630576,2.3711059256799976,0.006318807601928711,0.004689716999564553,0.001924472000609967,4.559000444714911e-06
1.56247878074646,0.7598876953125,-5.327243328094482,-0.14735064293692893,0.0,0.0,0.50018310546875,5.970231056213379,6.231439596150103e-05,0.0,0.0,0.0027365684509277344,0.6067034006118774,0.035345910336575526,0.44440674705070743,4.255138471911937,4.255138471911937,2.947777452554038,-1.3073610193578986,2.947777452554038,0.006636142730712891,0.004577939000228071,0.0023149419994297205,7.517999620176852e-06
1.569399356842041,0.7218017578125,-5.510498046875,-0.08373551252798199,0.0,0.0,0.5387420654296875,5.526625633239746,2.3190154467388628e-05,0.0,0.0,0.0069599151611328125,0.8040379285812378,0.03828400623706201,0.40414801150117846,3.8330758613506157,3.8330758613506157,1.6749947923322388,-2.158081069018377,1.6749947923322388,0.006920576095581055,0.004764359000546392,0.0018080640002153814,4.989999069948681e-06
1.5759985446929932,0.68524169921875,-5.754043102264404,-0.0767085098207526,0.0,0.0,0.5736541748046875,5.116262435913086,1.4513740314582665e-05,0.0,0.0,0.011637210845947266,0.6477319002151489,0.04081643439865584,0.3629090125997396,3.416055411981472,3.416055411981472,1.5343482791182939,-1.8817071328631783,1.5343482791182939,0.0065991878509521484,0.004602573999363813,0.0021019770010752836,5.190999218029901e-06
1.5827271938323975,0.64697265625,-5.55115270614624,-0.0436297217831568,0.0,0.0,0.6053009033203125,4.425612926483154,5.858762662738637e-06,0.0,0.0,0.01644134521484375,0.6479422450065613,0.0431095915635587,0.31829481040275814,2.964120790552152,2.964120790552152,0.8726663223215727,-2.0914544682305793,0.8726663223215727,0.006728649139404297,0.005106235001221648,0.0018147709997720085,4.8839992814464495e-06
1.589676856994629,0.607421875,-5.768322467803955,0.010446700785702513,0.0,0.0,0.635162353515625,4.2407546043396,-1.030342254819851e-06,0.0,0.0,0.02093029022216797,0.6995563507080078,0.045154531017628265,0.26983141418113066,2.469654911641903,2.469654911641903,-0.20894665795030543,-2.6786015695922085,-0.20894665795030543,0.006949663162231445,0.005005729999538744,0.0018772849998640595,4.841000190936029e-06
1.5965824127197266,0.56793212890625,-5.7281951904296875,0.034058113441036895,0.0,0.0,0.6608734130859375,3.585024356842041,-2.5445087388241488e-06,0.0,0.0,0.025066852569580078,0.5899267196655273,0.046845620393800226,0.21963767356442096,1.973982608462256,1.973982608462256,-0.6811934897868577,-2.6551760982491137,-0.6811934897868577,0.006905555725097656,0.004845892000957974,0.002096479000101681,4.924999302602373e-06
1.6035473346710205,0.5286865234375,-5.573274612426758,0.060843797472212524,0.0,0.0,0.6854705810546875,3.60524582862854,-3.5403204584654168e-06,0.0,0.0,0.028606891632080078,0.5277273654937744,0.04819411338853466,0.16733925444464298,1.4685377855144135,1.4685377855144135,-1.2169193889590773,-2.6854571744734907,-1.2169193889590773,0.006964921951293945,0.004268974998922204,0.0016813180009194184,4.629999239114113e-06
1.6095187664031982,0.49566650390625,-5.724857330322266,0.0949045477044999,0.0,0.0,0.706634521484375,3.6590285301208496,-4.409728990252597e-06,0.0,0.0,0.031189918518066406,0.5166091918945312,0.04905680670384935,0.12146534231195247,1.0185217783986713,1.0185217783986713,-1.8981450611941713,-2.9166668395928426,-1.8981450611941713,0.005971431732177734,0.004029952000564663,0.0019195589993614703,4.9840000428957865e-06
1.6154918670654297,0.4620361328125,-5.418655872344971,0.11429724390412317,0.0,0.0,0.7264556884765625,2.8152384757995605,-4.337399111333757e-06,0.0,0.0,0.03433942794799805,0.429537832736969,0.0496435213739801,0.07489471028593386,0.5636420921732518,0.5636420921732518,-2.28599809770346,-2.849640189876712,-2.28599809770346,0.005973100662231445,0.004697983998994459,0.0017290640007558977,4.71199928142596e-06
1.621941328048706,0.426513671875,-5.461948394775391,0.17515496083199822,0.0,0.0,0.74041748046875,2.0357725620269775,-5.539594135900019e-06,0.0,0.0,0.037203311920166016,0.519792377948761,0.04996307061546415,0.024144359722592632,0.0563584924435612,0.0563584924435612,-3.5031671871201575,-3.559525679563719,-3.5031671871201575,0.006449460983276367,0.004605109999829438,0.0017811810012062779,4.647999958251603e-06
1.6283483505249023,0.39361572265625,-5.013876438140869,0.20979864442045845,0.0,0.0,0.7529296875,1.9307639598846436,-5.79277445576377e-06,0.0,0.0,0.04021453857421875,0.44798174500465393,0.049955745494354546,-0.026429715739878394,-0.44731566119405974,-0.44731566119405974,-4.196043965396354,-3.7487283042022947,-4.196043965396354,0.006407022476196289,0.004633274998923298,0.0018518140004744055,4.726000042865053e-06
1.6348559856414795,0.36126708984375,-4.9176926612854,0.2460563956758613,0.0,0.0,0.7653656005859375,1.911496639251709,-6.673705799566156e-06,0.0,0.0,0.04307126998901367,0.4081881642341614,0.049616994840958585,-0.07762093933245577,-0.9561155849870142,-0.9561155849870142,-4.921209799477955,-3.965094214490941,-4.921209799477955,0.0065076351165771484,0.004864006001298549,0.0017700179996609222,4.9529990064911544e-06
1.641512393951416,0.3309326171875,-4.436600208282471,0.28972877518677564,0.0,0.0,0.77740478515625,1.84309983253479,-8.768791082567708e-06,0.0,0.0,0.04549741744995117,0.40053462982177734,0.048927441498789886,-0.12944305297558498,-1.472533866633684,-1.472533866633684,-5.79468309626413,-4.322149229630446,-5.79468309626413,0.0066564083099365234,0.004663443000026746,0.0017409049996786052,4.654999429476447e-06
1.6479384899139404,0.30340576171875,-4.257710933685303,0.3180506066234451,0.0,0.0,0.787353515625,1.3967639207839966,-1.1526643169351504e-05,0.0,0.0,0.047759056091308594,0.3270866572856903,0.04793709053631473,-0.17861731107810147,-1.9615734674200818,-1.9615734674200818,-6.3611535636734295,-4.399580096253348,-6.3611535636734295,0.006426095962524414,0.00470575199869927,0.0018062960007227957,4.214000000501983e-06
1.654470682144165,0.27801513671875,-3.656705617904663,0.3540296485676447,0.0,0.0,0.7942047119140625,0.8196333050727844,-1.673619499925485e-05,0.0,0.0,0.04988813400268555,0.3045895993709564,0.04661022591712676,-0.2274085506541157,-2.45029817180534,-2.45029817180534,-7.080798323438769,-4.630500151633429,-7.080798323438769,0.006532192230224609,0.004484539000259247,0.0017369010001857532,5.060999683337286e-06
1.660714864730835,0.25732421875,-3.179137945175171,0.3812735340426642,0.0,0.0,0.796722412109375,0.24372577667236328,-2.476191282196098e-05,0.0,0.0,0.05152463912963867,0.24924668669700623,0.04504828554406185,-0.2726213124452292,-2.9026065383473676,-2.9026065383473676,-7.625774508004465,-4.723167969657098,-7.625774508004465,0.006244182586669922,0.004603041999871493,0.0017582179989403812,4.554000042844564e-06
1.6670982837677002,0.23907470703125,-2.638235092163086,0.3975926986508419,0.0,0.0,0.7959747314453125,-0.24784864485263824,-3.6018938729521856e-05,0.0,0.0,0.0527958869934082,0.16184397041797638,0.04316503742018015,-0.317105968283499,-3.339090702747378,-3.339090702747378,-7.952295923185288,-4.6132052204379095,-7.952295923185288,0.006383419036865234,0.004590735001329449,0.001776833998519578,4.719000571640208e-06
1.673487663269043,0.2254638671875,-1.8949061632156372,0.398755907526294,0.0,0.0,0.7942047119140625,-0.24013730883598328,-4.890508508809716e-05,0.0,0.0,0.053168296813964844,0.03853127360343933,0.04100204212206506,-0.3595898387553426,-3.738401026556281,-3.738401026556281,-7.975718212919583,-4.237317186363303,-7.975718212919583,0.0063893795013427734,0.004485208000915009,0.001694607999525033,4.74800071970094e-06
1.6796889305114746,0.21636962890625,-1.3023161888122559,0.41206417054445776,0.0,0.0,0.7938079833984375,-0.012715786695480347,-6.897018606137028e-05,0.0,0.0,0.05316019058227539,-0.0007966160774230957,0.03864995245850725,-0.3986097871880299,-4.105784565082184,-4.105784565082184,-8.242129670840807,-4.136345105758624,-8.242129670840807,0.006201267242431641,0.00450910799918347,0.0017324700002063764,4.740999429486692e-06
1.6859526634216309,0.21099853515625,-0.6619447469711304,0.4379537796350691,0.0,0.0,0.7939605712890625,0.008466213941574097,-0.00010448615786527416,0.0,0.0,0.05309724807739258,0.0017812831792980433,0.036036075819558006,-0.4355659300011524,-4.462615332975753,-4.462615332975753,-8.760357631448162,-4.297742298472409,-8.760357631448162,0.00626373291015625,0.004591950999383698,0.0017481110007793177,4.563000402413309e-06
1.6923136711120605,0.20977783203125,-0.03334437683224678,0.4670077270382503,0.0,0.0,0.7939453125,0.013234583660960197,-0.00016667106590730716,0.0,0.0,0.05309915542602539,3.039673902094364e-05,0.03315332096779435,-0.4703344760536937,-4.807951157220037,-4.807951157220037,-9.342199584518418,-4.534248427298381,-9.342199584518418,0.0063610076904296875,0.004391734999444452,0.0016635580013826257,4.107998393010348e-06
1.6983890533447266,0.211669921875,0.45725804567337036,0.49662957162465526,0.0,0.0,0.793914794921875,-0.004922482185065746,-0.00027739334445286035,0.0,0.0,0.05309915542602539,0.0013901275815442204,0.030202061889586726,-0.5007403769732677,-5.121310833778347,-5.121310833778347,-9.93599503181146,-4.814684198033113,-9.93599503181146,0.006075382232666016,0.004544706000160659,0.001763788999596727,4.114999683224596e-06
1.7047176361083984,0.21746826171875,1.0952376127243042,0.5224003365283479,0.0,0.0,0.793212890625,-0.1913658231496811,-0.00047043864332986757,0.0,0.0,0.05307722091674805,-0.013777393847703934,0.02694096676613855,-0.5293089422470205,-5.422275729613457,-5.422275729613457,-10.453778983859207,-5.0315032542457505,-10.453778983859207,0.006328582763671875,0.004279449000023305,0.001660215999436332,4.4930002331966534e-06
1.7106781005859375,0.22613525390625,1.6494547128677368,0.5427206820725099,0.0,0.0,0.7919158935546875,-0.20010535418987274,-0.0007969281948790557,0.0,0.0,0.052854061126708984,-0.03462039306759834,0.02371345170561867,-0.5531590462638604,-5.681040430260706,-5.681040430260706,-10.86419190150982,-5.183151471249113,-10.86419190150982,0.0059604644775390625,0.003978014001404517,0.0015456759992957814,4.1050006984733045e-06
1.7162222862243652,0.238037109375,2.2408149242401123,0.5551589537326439,0.0,0.0,0.7911834716796875,-0.10033462941646576,-0.001313145445912535,0.0,0.0,0.052550315856933594,-0.06900110095739365,0.020591587019223367,-0.5725614856982026,-5.89778469814848,-5.89778469814848,-11.119291288712752,-5.221506590564273,-11.119291288712752,0.005544185638427734,0.004446773000381654,0.0017205010008183308,4.27699887950439e-06
1.7224094867706299,0.254638671875,2.8859739303588867,0.5621007999239709,0.0,0.0,0.7913665771484375,0.10778989642858505,-0.0020860615493750985,0.0,0.0,0.051953792572021484,-0.11193134635686874,0.016990394006102732,-0.5909303562392793,-6.10199362024834,-6.10199362024834,-11.267611845710373,-5.165618225462032,-11.267611845710373,0.0061872005462646484,0.0044328459989628755,0.0016745480006647995,4.258999979356304e-06
1.728536605834961,0.27471923828125,3.4417033195495605,0.5611314599383505,0.0,0.0,0.7922821044921875,0.10204550623893738,-0.0031204323785853478,0.0,0.0,0.05096769332885742,-0.16603001952171326,0.013322932290348852,-0.6056025236649024,-6.265477072727291,-6.265477072727291,-11.260916712613724,-4.995439639886434,-11.260916712613724,0.006127119064331055,0.004371098000774509,0.0017211489994224394,4.671999704441987e-06
1.734649658203125,0.2987060546875,4.145617485046387,0.5576271063045856,0.0,0.0,0.7920074462890625,-0.11777643114328384,-0.004427817438445971,0.0,0.0,0.049924373626708984,-0.20859146118164062,0.00958520143637899,-0.6166649706191967,-6.393858549947295,-6.393858549947295,-11.206871174414843,-4.813012624467548,-11.206871174414843,0.0061130523681640625,0.004272996000509011,0.0017079420013033086,4.191999323666096e-06
1.7406506538391113,0.326171875,4.82588529586792,0.5478705692580478,0.0,0.0,0.7922821044921875,0.06081399321556091,-0.005843049091553694,0.0,0.0,0.04841423034667969,-0.26041021943092346,0.005860862513326227,-0.6239870890927395,-6.479583984801915,-6.479583984801915,-11.029105239043258,-4.549521254241341,-11.029105239043258,0.006000995635986328,0.0042886569990514545,0.0017259970009035897,4.3839991121785715e-06
1.74668550491333,0.357666015625,5.395116329193115,0.5336999683043668,0.0,0.0,0.7919921875,-0.06999585777521133,-0.00714243191805944,0.0,0.0,0.046680450439453125,-0.3120521903038025,0.002081956590988342,-0.6277735996439285,-6.527189557761451,-6.527189557761451,-10.761636567533728,-4.234447009772276,-10.761636567533728,0.00603485107421875,0.004495499000768177,0.0016995529986161273,4.094001269550063e-06
1.7529003620147705,0.39501953125,6.0740766525268555,0.5217302870640037,0.0,0.0,0.7900238037109375,-0.4076263904571533,-0.008291685880927673,0.0,0.0,0.044586181640625,-0.3377697169780731,-0.0018219477622985342,-0.6279012522822401,-6.538598681211015,-6.538598681211015,-10.536344218344128,-3.9977455371331128,-10.536344218344128,0.00621485710144043,0.004405376999784494,0.001747488000546582,4.8599995352560654e-06
1.7590742111206055,0.43505859375,6.877823829650879,0.5044955883611011,0.0,0.0,0.7879486083984375,-0.3112754821777344,-0.008916053698402811,0.0,0.0,0.042256832122802734,-0.3784089684486389,-0.005689147112274127,-0.6242379993498048,-6.509995079095071,-6.509995079095071,-10.19931119910153,-3.6893161200064593,-10.19931119910153,0.006173849105834961,0.004449229998499504,0.0016319280002790038,4.182000338914804e-06
1.7651762962341309,0.478759765625,7.249251365661621,0.47881077316453047,0.0,0.0,0.7869110107421875,-0.15864288806915283,-0.008643120172238982,0.0,0.0,0.03969001770019531,-0.43874767422676086,-0.009477850794720988,-0.6169269368423681,-6.438976782921162,-6.438976782921162,-9.682266017548558,-3.243289234627396,-9.682266017548558,0.006102085113525391,0.00435526699948241,0.0016329630016116425,4.018998879473656e-06
1.7711842060089111,0.52587890625,7.908294200897217,0.4705167638345286,0.0,0.0,0.7861785888671875,-0.06532436609268188,-0.0084496370190911,0.0,0.0,0.03703880310058594,-0.4060433804988861,-0.01315377359108292,-0.6061861718231119,-6.342481551124964,-6.342481551124964,-9.514011804529588,-3.171530253404624,-9.514011804529588,0.0060079097747802734,0.004460572999960277,0.0018805409999913536,4.863999492954463e-06
1.7775466442108154,0.58154296875,8.608912467956543,0.4408360532043668,0.0,0.0,0.78594970703125,-0.12657558917999268,-0.007218984326116236,0.0,0.0,0.03380918502807617,-0.4739255905151367,-0.01696446789093413,-0.5910479676962924,-6.193762381161365,-6.193762381161365,-8.905297558884094,-2.7115351777227295,-8.905297558884094,0.006362438201904297,0.005009594000512152,0.0017473159987275722,4.31400076195132e-06
1.7843241691589355,0.64019775390625,9.190851211547852,0.42054062638936357,0.0,0.0,0.7845916748046875,-0.18801307678222656,-0.005965111221016797,0.0,0.0,0.030891895294189453,-0.4664956033229828,-0.020903978368585065,-0.5707710949127818,-6.006750555857153,-6.006750555857153,-8.484004076509574,-2.4772535206524227,-8.484004076509574,0.006777524948120117,0.00418190200070967,0.0017990019987337291,4.2050014599226415e-06
1.7903261184692383,0.69781494140625,9.79377555847168,0.3946933759665247,0.0,0.0,0.7840728759765625,-0.004378614481538534,-0.004555444563364308,0.0,0.0,0.028020858764648438,-0.4877277612686157,-0.024267041670552245,-0.5493546244498544,-5.801054532622336,-5.801054532622336,-7.94976254464645,-2.148708012024114,-7.94976254464645,0.006001949310302734,0.004026071999760461,0.0017171109993796563,4.1500006773276255e-06
1.7960894107818604,0.7559814453125,10.5686616897583,0.3563747191355871,0.0,0.0,0.7843780517578125,0.07692212611436844,-0.0030516914154083883,0.0,0.0,0.02485513687133789,-0.5466229319572449,-0.027366751110542754,-0.5258483233384057,-5.562396948821181,-5.562396948821181,-7.164938449157535,-1.6025415003363541,-7.164938449157535,0.00576329231262207,0.004482271999222576,0.0016989659998216666,4.2909996409434825e-06
1.802290439605713,0.82098388671875,10.92905330657959,0.3721454196499168,0.0,0.0,0.784332275390625,-0.020546376705169678,-0.0025468251749837492,0.0,0.0,0.023218631744384766,-0.3584752082824707,-0.03054120629521466,-0.49748144360391855,-5.326166230554264,-5.326166230554264,-7.474157781647662,-2.147991551093398,-7.474157781647662,0.006201028823852539,0.004375146998427226,0.0018120210006600246,4.351000825408846e-06
1.8084995746612549,0.88836669921875,11.340020179748535,0.305321015423124,0.0,0.0,0.7854461669921875,0.17892803251743317,-0.0014061295580526099,0.0,0.0,0.01961517333984375,-0.5693864822387695,-0.033534080597191956,-0.46605235320296123,-5.008204159399321,-5.008204159399321,-6.123673431873737,-1.115469272474415,-6.123673431873737,0.006209135055541992,0.004397863000122015,0.0016058510009315796,4.169000021647662e-06
1.8145244121551514,0.95855712890625,11.490076065063477,0.2827884201014418,0.0,0.0,0.78692626953125,0.2175593078136444,-0.000853738505008864,0.0,0.0,0.016323566436767578,-0.49133944511413574,-0.036243224851851684,-0.4328432778490585,-4.685768474783675,-4.685768474783675,-5.666243721108437,-0.9804752463247619,-5.666243721108437,0.006024837493896484,0.0044065929996577324,0.0017733139993652003,4.282001100364141e-06
1.8207244873046875,1.030517578125,11.72855281829834,0.25165151165491784,0.0,0.0,0.7864532470703125,-0.1428401917219162,-0.00047466378886476285,0.0,0.0,0.013432979583740234,-0.48461151123046875,-0.03881422253075009,-0.3960811833219699,-4.334801863720235,-4.334801863720235,-5.038854328667104,-0.7040524649468692,-5.038854328667104,0.006200075149536133,0.004454265001186286,0.0020218999998178333,4.0499999158782884e-06
1.8272206783294678,1.1104736328125,12.251171112060547,0.20231211264316434,0.0,0.0,0.7859344482421875,-0.0228336900472641,-0.00021671419534470342,0.0,0.0,0.009850502014160156,-0.5354207754135132,-0.041255126856277614,-0.3549892956359091,-3.9288903752058313,-3.9288903752058313,-4.048901322744751,-0.12001094753891972,-4.048901322744751,0.0064961910247802734,0.004336948000855045,0.0016978779985947767,2.2385000193025917e-05
1.833294153213501,1.1854248046875,12.61574649810791,0.15794499194663594,0.0,0.0,0.786651611328125,0.1747482717037201,-0.00010096387874827636,0.0,0.0,0.0067501068115234375,-0.5420218706130981,-0.04328895614371703,-0.3144271355429316,-3.5244410333576055,-3.5244410333576055,-3.1601386595308263,0.3643023738267791,-3.1601386595308263,0.006073474884033203,0.004149986001721118,0.0015611290000379086,4.163999619777314e-06
1.8390378952026367,1.25726318359375,12.852128028869629,0.09319236776118948,0.0,0.0,0.78753662109375,0.2102353870868683,-3.7433094924818066e-05,0.0,0.0,0.0033674240112304688,-0.6314642429351807,-0.04498066531813977,-0.27437879540431914,-3.1020573282867976,-3.1020573282867976,-1.8643066570019968,1.2377506712848008,-1.8643066570019968,0.005743741989135742,0.004140180999456788,0.0017316230005235411,4.645000444725156e-06
1.8449299335479736,1.334716796875,12.901643753051758,0.041564110124471865,0.0,0.0,0.7885284423828125,0.04241850972175598,-1.098974402535396e-05,0.0,0.0,-0.0004658699035644531,-0.6289665699005127,-0.04647259994256812,-0.23181376164094178,-2.6506880690386225,-2.6506880690386225,-0.8314170459744075,1.819271023064215,-0.8314170459744075,0.005892038345336914,0.004357832000096096,0.0017239879998669494,4.194000212009996e-06
1.8510327339172363,1.412841796875,13.016683578491211,-0.026256615521583343,0.0,0.0,0.788238525390625,-0.07603827863931656,4.764991885722036e-06,0.0,0.0,-0.004649162292480469,-0.6966216564178467,-0.047749332549216615,-0.18638992322326225,-2.157539272578584,-2.157539272578584,0.5251907765897723,2.6827300491683563,0.5251907765897723,0.006102800369262695,0.004490495999561972,0.0016973239999060752,4.429000910022296e-06
1.857240915298462,1.49676513671875,13.313907623291016,-0.07007363378490472,0.0,0.0,0.7867889404296875,-0.14177477359771729,9.063103867897194e-06,0.0,0.0,-0.00861358642578125,-0.6419529914855957,-0.04876006850282428,-0.13905909587518972,-1.6543579834860083,-1.6543579834860083,1.401583879426532,3.0559418629125403,1.401583879426532,0.006208181381225586,0.004340306000813143,0.0016905949996726122,4.228000761941075e-06
1.863292932510376,1.5765380859375,13.322741508483887,-0.16394643041883855,0.0,0.0,0.7877655029296875,0.19542361795902252,1.5632674714112274e-05,0.0,0.0,-0.013500213623046875,-0.8177887201309204,-0.049459902016502744,-0.09210223209744872,-1.1131263574161712,-1.1131263574161712,3.2791204203364486,4.39224677775262,3.2791204203364486,0.0060520172119140625,0.004347511001469684,0.0016604959982942091,4.498000635067001e-06
1.869321584701538,1.6551513671875,13.102142333984375,-0.21811213014868153,0.0,0.0,0.78717041015625,-0.1722998023033142,1.6653755565404335e-05,0.0,0.0,-0.018138408660888672,-0.7641759514808655,-0.04987275821484202,-0.0447969310961619,-0.5756646941161949,-0.5756646941161949,4.36244694353271,4.9381116376489045,4.36244694353271,0.006028652191162109,0.004345989998910227,0.001588602000992978,4.124998667975888e-06
1.875291109085083,1.7332763671875,12.906060218811035,-0.27726421560428316,0.0,0.0,0.7856903076171875,-0.3080046772956848,2.0550397219539123e-05,0.0,0.0,-0.022624969482421875,-0.7747325301170349,-0.04999966544249933,0.002298500079315976,-0.035637432834129026,-0.035637432834129026,5.54553646419878,5.581173897032909,5.54553646419878,0.005969524383544922,0.0043917350012634415,0.0016135499990923563,4.389001333038323e-06
1.8813166618347168,1.8099365234375,12.686790466308594,-0.3189579769944977,0.0,0.0,0.7843017578125,-0.23350632190704346,2.595170162721317e-05,0.0,0.0,-0.027109622955322266,-0.7137923240661621,-0.04984256294898773,0.04982200460791508,0.5028449764259114,0.5028449764259114,6.379477965676783,5.876632989250871,6.379477965676783,0.006025552749633789,0.004296176000934793,0.0015244009991874918,4.011000783066265e-06
1.887171745300293,1.8819580078125,12.224822998046875,-0.37936032334811665,0.0,0.0,0.783966064453125,0.005962792783975601,3.9944162210896166e-05,0.0,0.0,-0.03147315979003906,-0.7579851746559143,-0.04941626116698618,0.09572995833884618,1.037682538177958,1.037682538177958,7.5876965793820865,6.550014041204129,7.5876965793820865,0.005855083465576172,0.004195976000119117,0.0016655719991831575,4.155001079197973e-06
1.8930530548095703,1.95391845703125,11.896206855773926,-0.42651756663834695,0.0,0.0,0.784576416015625,0.19556517899036407,6.487481616374096e-05,0.0,0.0,-0.03595733642578125,-0.7252452969551086,-0.04871885667293385,0.1413216768457445,1.5699461240794546,1.5699461240794546,8.531147342781198,6.961201218701744,8.531147342781198,0.005881309509277344,0.004409567000038805,0.0016941800004133256,3.891000233124942e-06
1.8991765975952148,2.02423095703125,11.27519702911377,-0.4600906922081571,0.0,0.0,0.78533935546875,0.09675557911396027,0.00010733606278994844,0.0,0.0,-0.03999757766723633,-0.6504889130592346,-0.047710150103607095,0.1879676931375931,2.099564778964956,2.099564778964956,9.203130851068508,7.103566072103551,9.203130851068508,0.006123542785644531,0.004354255999714951,0.0016426040001533693,3.99899909098167e-06
1.9051926136016846,2.091064453125,10.719189643859863,-0.5167847727595951,0.0,0.0,0.7856292724609375,-0.03418837860226631,0.0002086142094007008,0.0,0.0,-0.04417705535888672,-0.6963557004928589,-0.04644413673279722,0.23271281813247255,2.626078313880065,2.626078313880065,10.338255138742765,7.7121768248627,10.338255138742765,0.0060160160064697266,0.00443254800120485,0.0016497870001330739,4.189998435322195e-06
1.9112944602966309,2.1533203125,10.149627685546875,-0.5509986559601625,0.0,0.0,0.7845916748046875,-0.18810993432998657,0.0004021788967241501,0.0,0.0,-0.048252105712890625,-0.6231919527053833,-0.044889081979541945,0.2767371372298358,3.138577916894717,3.138577916894717,11.02490782959238,7.886329912697663,11.02490782959238,0.006101846694946289,0.004485729999942123,0.0014840530002402375,4.1290004446636885e-06
1.9172849655151367,2.21075439453125,9.58400821685791,-0.572601408634804,0.0,0.0,0.7816009521484375,-0.7037050127983093,0.0007584184450688035,0.0,0.0,-0.0515131950378418,-0.5343791246414185,-0.0431057208031053,0.3183775825860419,3.6136214056386144,3.6136214056386144,11.461333920488103,7.847712514849489,11.461333920488103,0.005990505218505859,0.004331967000325676,0.001642710998567054,3.997000021627173e-06
1.9232792854309082,2.265380859375,8.879231452941895,-0.5898150369318385,0.0,0.0,0.777587890625,-0.6600967645645142,0.0014050578368522443,0.0,0.0,-0.05444145202636719,-0.45658189058303833,-0.04107683201790695,0.35823940619955036,4.063093069050964,4.063093069050964,11.813540712094646,7.750447643043683,11.813540712094646,0.005994319915771484,0.004251330999977654,0.0016060449997894466,4.039000486955047e-06
1.9291558265686035,2.3150634765625,8.150277137756348,-0.5970226285212924,0.0,0.0,0.774932861328125,-0.2954578995704651,0.002467305620352894,0.0,0.0,-0.05668306350708008,-0.3589409589767456,-0.038861584035203164,0.3953471438766992,4.472071256164121,4.472071256164121,11.970726259018377,7.498655002854258,11.970726259018377,0.0058765411376953125,0.0044978149999224115,0.001802609998776461,5.122999937157147e-06
1.935478687286377,2.3621826171875,7.158207416534424,-0.6140352906074341,0.0,0.0,0.77642822265625,0.36628779768943787,0.004183921349911342,0.0,0.0,-0.05866861343383789,-0.31763869524002075,-0.036241883251930875,0.4328610165564988,4.881689775227001,4.881689775227001,12.33204227042852,7.450352495201519,12.33204227042852,0.0063228607177734375,0.0045989560003363295,0.0016897399982553907,5.169000360183418e-06
1.9417901039123535,2.4034423828125,6.182974338531494,-0.6235599107622904,0.0,0.0,0.7783203125,0.19800898432731628,0.006663625594500753,0.0,0.0,-0.06055641174316406,-0.24430812895298004,-0.033398853332690784,0.4675832518791741,5.260844313542298,5.260844313542298,12.552960492476902,7.292116178934604,12.552960492476902,0.0063114166259765625,0.004492549000133295,0.0017181570001412183,4.794999767909758e-06
1.9480223655700684,2.43890380859375,5.417529106140137,-0.6297729604063431,0.0,0.0,0.7790374755859375,-0.0021657655015587807,0.010090540059140765,0.0,0.0,-0.06183624267578125,-0.1777297407388687,-0.030385355973784434,0.4989862162782825,5.600608081369426,5.600608081369426,12.719269515597889,7.118661434228462,12.719269515597889,0.006232261657714844,0.004787400001077913,0.0018928999998024665,4.921999789075926e-06
1.9547240734100342,2.46990966796875,4.2454118728637695,-0.6411066169969708,0.0,0.0,0.7799835205078125,0.2275654375553131,0.014790023349795234,0.0,0.0,-0.0628657341003418,-0.14221933484077454,-0.026937559356674884,0.5293363270297137,5.9302050011331895,5.9302050011331895,13.00360501907347,7.073400017940281,13.00360501907347,0.00670170783996582,0.004732612000225345,0.0016653290003887378,4.548999640974216e-06
1.9611492156982422,2.49285888671875,3.43302583694458,-0.6503833497897936,0.0,0.0,0.7811126708984375,0.28605249524116516,0.020829814115818954,0.0,0.0,-0.06368589401245117,-0.10680019110441208,-0.023452436078293205,0.5549135166813689,6.215735958533402,6.215735958533402,13.263247537087874,7.047511578554473,13.263247537087874,0.006425142288208008,0.004384650999782025,0.0017960139994102065,4.749999789055437e-06
1.9673528671264648,2.510498046875,2.4162960052490234,-0.6561038819931502,0.0,0.0,0.78546142578125,0.8789324760437012,0.02823047780880954,0.0,0.0,-0.06417989730834961,-0.07077383995056152,-0.019942203571351978,0.5761798800937787,6.459128156666303,6.459128156666303,13.468463870637283,7.009335713970979,13.468463870637283,0.006203651428222656,0.004708725000455161,0.0018806980006047525,4.855999577557668e-06
1.9739642143249512,2.521484375,1.3242149353027344,-0.6527442287493075,0.0,0.0,0.7923736572265625,0.9263479113578796,0.03663492776065759,0.0,0.0,-0.06440162658691406,-0.008863240480422974,-0.01606847418564907,0.5949886718964901,6.67487290126265,6.67487290126265,13.5043928910566,6.829519989793949,13.5043928910566,0.006611347198486328,0.004580939001243678,0.0017447239988541696,4.794001142727211e-06
1.980311393737793,2.52557373046875,0.34726807475090027,-0.6365265242900014,0.0,0.0,0.7978668212890625,0.9887092709541321,0.04537689906683945,0.0,0.0,-0.0641489028930664,0.07856559753417969,-0.012244892030558114,0.6091855332346212,6.8357171840226005,6.8357171840226005,13.287302253477392,6.451585069454791,13.287302253477392,0.006347179412841797,0.004219092999846907,0.0017155059995275224,4.1309995140181854e-06
1.9862661361694336,2.52471923828125,-0.3852618634700775,-0.6099810318310768,0.0,0.0,0.806732177734375,1.8166859149932861,0.05392796688634557,0.0,0.0,-0.06333065032958984,0.17528535425662994,-0.0085864671544331,0.6189843364949827,6.940050211986944,6.940050211986944,12.861313481836227,5.921263269849284,12.861313481836227,0.005954742431640625,0.00426895399868954,0.0016381950008508284,4.0289996832143515e-06
1.9921932220458984,2.51922607421875,-1.1775310039520264,-0.5854903267508818,0.0,0.0,0.8228607177734375,3.15171217918396,0.06282737420235028,0.0,0.0,-0.061962127685546875,0.2342958301305771,-0.004897279048535482,0.6252974320009376,7.00292200021277,7.00292200021277,12.480694562021068,5.4777725618082975,12.480694562021068,0.005927085876464844,0.0043343120014469605,0.0014906519991200184,4.027000613859855e-06
1.9980382919311523,2.50927734375,-1.8747197389602661,-0.5327510423938301,0.0,0.0,0.849395751953125,5.348740100860596,0.06263929909730609,0.0,0.0,-0.060006141662597656,0.41935622692108154,-0.001232452695964169,0.6281276261307485,7.004450970001335,7.004450970001335,11.423601204879548,4.419150234878213,11.423601204879548,0.005845069885253906,0.00415751600121439,0.0016838399988046149,3.899000148521736e-06
2.0038998126983643,2.49560546875,-2.571826696395874,-0.4526820735687836,0.0,0.0,0.8899078369140625,6.873703479766846,0.04444257129561973,0.0,0.0,-0.056421756744384766,0.6959220170974731,0.0024493439044317804,0.6275641854348993,6.922334391833845,6.922334391833845,9.598949094621176,2.6766147027873304,9.598949094621176,0.005861520767211914,0.004359283999292529,0.0016573930006416049,4.253999577485956e-06
2.009936571121216,2.4776611328125,-3.0232207775115967,-0.36029068400263575,0.0,0.0,0.9388275146484375,9.113362312316895,0.02216143539645325,0.0,0.0,-0.05118560791015625,0.9512518644332886,0.006227120408871664,0.6234266220908319,6.760089705849888,6.760089705849888,7.4777331327631344,0.7176434269132468,7.4777331327631344,0.0060367584228515625,0.004197307000140427,0.0016229110005951952,4.151999746682122e-06
2.015777826309204,2.458251953125,-3.4421675205230713,-0.3148720062008884,0.0,0.0,0.9995269775390625,10.622666358947754,0.010938148555718133,0.0,0.0,-0.04537200927734375,0.942612886428833,0.009848676590020325,0.6160090207733292,6.569561831752495,6.569561831752495,6.431650535741016,-0.13791129601147822,6.431650535741016,0.005841255187988281,0.0044042420013283845,0.0016796459985926049,4.116000127396546e-06
2.021881341934204,2.43475341796875,-4.021623611450195,-0.22912557015201254,0.0,0.0,1.0680084228515625,11.00692367553711,0.0036711816490444475,0.0,0.0,-0.038680076599121094,1.145580768585205,0.013575857598254595,0.6047148660465627,6.312426250317131,6.312426250317131,4.627556576647032,-1.6848696736700992,4.627556576647032,0.006103515625,0.00456681200012099,0.0017177079989778576,4.2530009523034096e-06
2.0281858444213867,2.40875244140625,-4.205134868621826,-0.15602850328268594,0.0,0.0,1.1340484619140625,10.365657806396484,0.0011382673157816926,0.0,0.0,-0.031183242797851562,1.2312060594558716,0.01734171454400783,0.589316551923133,6.005284959827515,6.005284959827515,3.1345365357856605,-2.8707484240418544,3.1345365357856605,0.006304502487182617,0.004240105999997468,0.001725620999422972,4.0619997889734805e-06
2.0341708660125732,2.38299560546875,-4.412603855133057,-0.10700272825378446,0.0,0.0,1.193572998046875,10.046661376953125,0.0003845141988276763,0.0,0.0,-0.023792743682861328,1.2228747606277466,0.020816438627924882,0.5712760928167743,5.680534749462783,5.680534749462783,2.144772530705359,-3.5357622187574242,2.144772530705359,0.0059850215911865234,0.004273942999134306,0.001700419999906444,3.991999619756825e-06
2.0401649475097656,2.35546875,-4.577580451965332,-0.04186476358595362,0.0,0.0,1.252288818359375,9.62910270690918,7.95418449304781e-05,0.0,0.0,-0.016164302825927734,1.3092490434646606,0.024178451947753768,0.5499711201580115,5.316158754908006,5.316158754908006,0.8382712452764771,-4.477887509631529,0.8382712452764771,0.005994081497192383,0.004357781999715371,0.0016280569998343708,3.983001079177484e-06
2.046170234680176,2.32843017578125,-4.540106296539307,-0.05903449985685549,0.0,0.0,1.308746337890625,9.119465827941895,6.320616536255667e-05,0.0,0.0,-0.00949859619140625,1.0431712865829468,0.027409238099272037,0.5254987648983283,4.97770602736221,4.97770602736221,1.18146553290841,-3.7962404944537997,1.18146553290841,0.006005287170410156,0.004281660998458392,0.0016986900009214878,4.306999471737072e-06
2.0521702766418457,2.3004150390625,-4.643832683563232,-0.032766854195918176,0.0,0.0,1.36083984375,8.853402137756348,2.0936505113411307e-05,0.0,0.0,-0.0032606124877929688,1.0664728879928589,0.03048139265413498,0.49806040705320526,4.61523001081259,4.61523001081259,0.6555939735516505,-3.95963603726094,0.6555939735516505,0.006000041961669922,0.004344508999565733,0.0017497670014563482,4.227998942951672e-06
2.0582852363586426,2.272705078125,-4.474915504455566,-0.03625755885005217,0.0,0.0,1.412872314453125,8.372496604919434,1.4558019444346688e-05,0.0,0.0,0.0027618408203125,0.9242522716522217,0.03343406620792987,0.46718568758197604,4.247540911281016,4.247540911281016,0.725329803006491,-3.522211108274525,0.725329803006491,0.006114959716796875,0.004383376999612665,0.0017969950004044222,3.917000867659226e-06
2.064485549926758,2.2447509765625,-4.5972981452941895,0.009855650371519975,0.0,0.0,1.462982177734375,7.793034076690674,-2.6049529835713837e-06,0.0,0.0,0.008824825286865234,1.0131468772888184,0.03622639927632534,0.43306564644280754,3.8370371938806267,3.8370371938806267,-0.19714497004369402,-4.034182163924321,-0.19714497004369402,0.006200313568115234,0.0044538549991557375,0.0017442730004404439,4.101000740774907e-06
2.0707037448883057,2.21673583984375,-4.4336771965026855,0.026631239208272865,0.0,0.0,1.510955810546875,7.589892387390137,-4.831430712497825e-06,0.0,0.0,0.014797210693359375,0.9139272570610046,0.03880600553145944,0.39620830628215264,3.4172594608880735,3.4172594608880735,-0.5326840655238914,-3.949943526411965,-0.5326840655238914,0.0062181949615478516,0.0044300019999354845,0.001619221999135334,4.200999683234841e-06
2.0767722129821777,2.19024658203125,-4.461001873016357,0.054419115783583376,0.0,0.0,1.556182861328125,7.515271186828613,-7.0363699086950996e-06,0.0,0.0,0.02001476287841797,0.8898171186447144,0.04109527217604017,0.3579052819454525,2.99258360489931,2.99258360489931,-1.0884686514987658,-4.081052256398076,-1.0884686514987658,0.00606846809387207,0.004122406000533374,0.0016340530000888975,4.120000085094944e-06
2.082548141479492,2.16424560546875,-4.362452507019043,0.08339659224083279,0.0,0.0,1.5979461669921875,7.25984525680542,-7.94999778953807e-06,0.0,0.0,0.025238990783691406,0.8608585596084595,0.04305249105211124,0.31951291935708953,2.5667261257169938,2.5667261257169938,-1.668029390801801,-4.234755516518795,-1.668029390801801,0.005775928497314453,0.004266800000550575,0.0017234999995707767,4.146000719629228e-06
2.0885584354400635,2.1390380859375,-4.188013553619385,0.10036780937079876,0.0,0.0,1.6412506103515625,7.005251407623291,-7.27231224713348e-06,0.0,0.0,0.02984905242919922,0.7740460634231567,0.04484829609258862,0.2777794270394796,2.128830147957321,2.128830147957321,-2.0074454182410912,-4.136275566198412,-2.0074454182410912,0.006010293960571289,0.004370651999124675,0.001687449001110508,4.292998710297979e-06
2.0946364402770996,2.11309814453125,-4.133267402648926,0.1396542047147409,0.0,0.0,1.6822662353515625,6.667219638824463,-7.90506637146993e-06,0.0,0.0,0.03467369079589844,0.7900330424308777,0.046404248248232347,0.2339660271303749,1.6639682269456475,1.6639682269456475,-2.7931810889742206,-4.457149315919868,-2.7931810889742206,0.006078004837036133,0.00425909200021124,0.0016427649989054771,3.9450005715480074e-06
2.100557565689087,2.08984375,-3.914719581604004,0.16457950989927161,0.0,0.0,1.7200469970703125,6.316436767578125,-7.45973428905198e-06,0.0,0.0,0.03905630111694336,0.7207967042922974,0.047659915268868126,0.18996947697947575,1.2067426446226166,1.2067426446226166,-3.2916817284675037,-4.4984243730901206,-3.2916817284675037,0.005921125411987305,0.004359745000328985,0.001729055000396329,4.329000148572959e-06
2.1066672801971436,2.0667724609375,-3.787567377090454,0.1945942062150724,0.0,0.0,1.7559661865234375,5.855818271636963,-7.221442864888001e-06,0.0,0.0,0.042955875396728516,0.6828842759132385,0.04867903316977451,0.1434723669395553,0.7337312234032025,0.7337312234032025,-3.8919727309623644,-4.625703954365567,-3.8919727309623644,0.006109714508056641,0.004254461000527954,0.0017164679993584286,4.130000888835639e-06
2.1126585006713867,2.04541015625,-3.5099799633026123,0.21551107108437353,0.0,0.0,1.7914276123046875,5.933475494384766,-6.985374382645591e-06,0.0,0.0,0.04680967330932617,0.6050181984901428,0.04939989819874248,0.09705441562396637,0.2670175497485913,0.2670175497485913,-4.310307131802593,-4.577324681551184,-4.310307131802593,0.005991220474243164,0.00398066299931088,0.0016169190002983669,4.1170005715684965e-06
2.1182758808135986,2.0267333984375,-3.1701948642730713,0.23632222631284322,0.0,0.0,1.8219451904296875,5.168300628662109,-7.200160956890624e-06,0.0,0.0,0.05008649826049805,0.5471326112747192,0.04982160933424809,0.05302836181435691,-0.17221172552353392,-0.17221172552353392,-4.726532871790075,-4.554321146266542,-4.726532871790075,0.005617380142211914,0.004366479999589501,0.0016457590008940315,4.206998710287735e-06
2.124307870864868,2.00823974609375,-2.9517874717712402,0.28832126378047235,0.0,0.0,1.854705810546875,5.329627990722656,-9.649854486746592e-06,0.0,0.0,0.05357074737548828,0.6073518395423889,0.049998108826989095,0.005464763706775373,-0.6583123035964604,-0.6583123035964604,-5.766543678731981,-5.108231375135521,-5.766543678731981,0.006031990051269531,0.0043294739989505615,0.0018759850008791545,4.5219985622679815e-06
2.130568504333496,1.99072265625,-2.6948013305664062,0.3148021289249811,0.0,0.0,1.88385009765625,4.269430160522461,-1.2374017707149354e-05,0.0,0.0,0.056813716888427734,0.5164171457290649,0.04987763431698825,-0.04393127491271137,-1.1502208418708373,-1.1502208418708373,-6.296194406937743,-5.145973565066906,-6.296194406937743,0.00626063346862793,0.0040725710005062865,0.0017908440004248405,4.2359988583484665e-06
2.1364548206329346,1.97686767578125,-2.157061815261841,0.3422968196910176,0.0,0.0,1.9083709716796875,4.296036720275879,-1.6830375291648652e-05,0.0,0.0,0.05976676940917969,0.46736785769462585,0.049482885994588,-0.09013162518043624,-1.6124434760401267,-1.6124434760401267,-6.846142901492637,-5.23369942545251,-6.846142901492637,0.0058863162994384766,0.004361896000773413,0.0016821629997139098,4.3479994928929955e-06
2.14251971244812,1.96600341796875,-1.6862431764602661,0.37068006336197895,0.0,0.0,1.9354095458984375,4.3188796043396,-2.419195366112662e-05,0.0,0.0,0.06251144409179688,0.4229251444339752,0.048793134743886954,-0.13721533157181126,-2.080289729568497,-2.080289729568497,-7.413898101026825,-5.333608371458328,-7.413898101026825,0.006064891815185547,0.004634279999663704,0.0017325499993603444,4.353001713752747e-06
2.148907423019409,1.95782470703125,-1.1031444072723389,0.3911829707458293,0.0,0.0,1.9617156982421875,3.964602470397949,-3.494388866549756e-05,0.0,0.0,0.06473875045776367,0.34348687529563904,0.04776047319056765,-0.18593863756553367,-2.55234975317996,-2.55234975317996,-7.824088174286706,-5.271738421106745,-7.824088174286706,0.0063877105712890625,0.0044106860004831105,0.0016917789998842636,4.204999640933238e-06
2.1550302505493164,1.95361328125,-0.5185714960098267,0.41843449045519665,0.0,0.0,1.9849853515625,4.013254165649414,-5.362719926640429e-05,0.0,0.0,0.06663322448730469,0.31213289499282837,0.04648182399935315,-0.23152153731080236,-2.9976802172597914,-2.9976802172597914,-8.369347811548902,-5.37166759428911,-8.369347811548902,0.0061228275299072266,0.004223683999953209,0.0019160620013281005,4.253999577485956e-06
2.1611905097961426,1.95294189453125,-0.015322028659284115,0.44507261854055435,0.0,0.0,2.0095977783203125,3.572730779647827,-8.523149926164485e-05,0.0,0.0,0.06847858428955078,0.27204686403274536,0.04491781063662084,-0.27600003784535354,-3.4346232389624984,-3.4346232389624984,-8.902498156078074,-5.4678749171155765,-8.902498156078074,0.006160259246826172,0.004571325000142679,0.0017515260005893651,4.0429986256640404e-06
2.167534589767456,1.95526123046875,0.6181040406227112,0.47537720818190177,0.0,0.0,2.0292205810546875,2.8490023612976074,-0.00014259450281231735,0.0,0.0,0.0702371597290039,0.24634979665279388,0.04302603408834953,-0.32007520132859735,-3.871070683203875,-3.871070683203875,-9.509293789439369,-5.638223106235494,-9.509293789439369,0.0063440799713134766,0.004873341000347864,0.0021336930003599264,5.424999471870251e-06
2.1745657920837402,1.9625244140625,1.1797071695327759,0.49749521749112,0.0,0.0,2.0484771728515625,2.639916181564331,-0.0002382208890160415,0.0,0.0,0.07176065444946289,0.1757369190454483,0.04061060685296625,-0.3665372739313042,-4.32359106173012,-4.32359106173012,-9.952827305515775,-5.629236243785655,-9.952827305515775,0.00703120231628418,0.005303907999405055,0.0021441590015456313,5.51899938727729e-06
2.1820404529571533,1.97442626953125,1.8290194272994995,0.5192599438230074,0.0,0.0,2.06561279296875,2.1446521282196045,-0.000403387257457018,0.0,0.0,0.07271575927734375,0.11723682284355164,0.03769587549964723,-0.41278585474775337,-4.769461543431998,-4.769461543431998,-10.390148413361338,-5.620686869929339,-10.390148413361338,0.007474660873413086,0.004612447000909015,0.0017883079999592155,4.703999366029166e-06
2.1884636878967285,1.98883056640625,2.510972499847412,0.5156323177209449,0.0,0.0,2.079345703125,2.061264753341675,-0.0006129646776899401,0.0,0.0,0.07300567626953125,-0.014861972071230412,0.03492460181187046,-0.4496359420520248,-5.114929008630159,-5.114929008630159,-10.32016739340877,-5.20523838477861,-10.32016739340877,0.006423234939575195,0.005216522999035078,0.0017618359997868538,4.908000846626237e-06
2.195464849472046,2.009765625,3.162355422973633,0.5211113042017235,0.0,0.0,2.092132568359375,1.7423943281173706,-0.0009234104572227764,0.0,0.0,0.07230281829833984,-0.07389666140079498,0.03164561047353642,-0.48645901544618414,-5.4505144474015745,-5.4505144474015745,-10.433556273693362,-4.983041826291788,-10.433556273693362,0.007001161575317383,0.004428817999723833,0.0021783800002594944,1.99269998120144e-05
2.2021090984344482,2.03350830078125,3.7203307151794434,0.534061106098628,0.0,0.0,2.1022186279296875,1.3517743349075317,-0.0014081415098502188,0.0,0.0,0.07178020477294922,-0.09586842358112335,0.02830696883829196,-0.5179289545858264,-5.745622781939208,-5.745622781939208,-10.698499931908941,-4.952877149969734,-10.698499931908941,0.006644248962402344,0.004918975999316899,0.0018676889994821977,5.146001058164984e-06
2.208918571472168,2.0618896484375,4.579949855804443,0.5546292820322382,0.0,0.0,2.1100006103515625,0.9897646307945251,-0.0022218992501706553,0.0,0.0,0.07076501846313477,-0.09226234257221222,0.02468087542925991,-0.5464355008975395,-6.0183151461240065,-6.0183151461240065,-11.119848208130838,-5.1015330620068315,-11.119848208130838,0.0068094730377197266,0.004966730999512947,0.00214324199987459,4.862000423599966e-06
2.2160515785217285,2.09765625,5.163374900817871,0.5560903217646033,0.0,0.0,2.117340087890625,1.148290991783142,-0.003265828381584287,0.0,0.0,0.06972122192382812,-0.17434538900852203,0.02068928022113101,-0.572005079666729,-6.260618990964737,-6.260618990964737,-11.161877949175533,-4.9012589582107955,-11.161877949175533,0.007133007049560547,0.004988811999282916,0.00177206400076102,4.949000867782161e-06
2.222834825515747,2.1365966796875,6.008913516998291,0.5475046423546586,0.0,0.0,2.1238555908203125,0.9079870581626892,-0.0044352111877329755,0.0,0.0,0.06840085983276367,-0.25810110569000244,0.016738806931017185,-0.5920631002234593,-6.444961758339786,-6.444961758339786,-11.00451261626645,-4.559550857926663,-11.00451261626645,0.006783246994018555,0.0047860979993856745,0.0018573520010249922,4.896999598713592e-06
2.2295007705688477,2.1788330078125,6.676784515380859,0.5539426102882892,0.0,0.0,2.1280364990234375,0.5024668574333191,-0.0061241320172276785,0.0,0.0,0.06664276123046875,-0.25005072355270386,0.012738068097534042,-0.6075865040323214,-6.5920537213687735,-6.5920537213687735,-11.153994929901668,-4.561941208532895,-11.153994929901668,0.006665945053100586,0.0044961580006201984,0.0018158849998144433,4.900999556411989e-06
2.235835552215576,2.22442626953125,7.285139560699463,0.5253668545845832,0.0,0.0,2.13067626953125,0.25065213441848755,-0.007089423918045623,0.0,0.0,0.06439924240112305,-0.39241841435432434,0.008852864881634299,-0.6183914405503025,-6.6750356308460885,-6.6750356308460885,-10.594323888229926,-3.9192882573838386,-10.594323888229926,0.006334781646728516,0.00462389099993743,0.0016900490008993074,4.827999873668887e-06
2.242171287536621,2.2735595703125,7.972960472106934,0.507338527900459,0.0,0.0,2.1315155029296875,0.04853278398513794,-0.007786766274164278,0.0,0.0,0.061586856842041016,-0.4350655972957611,0.004910994454647665,-0.6252804452536629,-6.7164176899358905,-6.7164176899358905,-10.242313702475062,-3.5258960125391714,-10.242313702475062,0.006335735321044922,0.004435728998942068,0.0016786659998615505,4.289000571588986e-06
2.2483065128326416,2.3255615234375,8.708741188049316,0.4759110105533287,0.0,0.0,2.13018798828125,-0.2407136857509613,-0.007488447600934778,0.0,0.0,0.058705806732177734,-0.5307945609092712,0.0010639690560814653,-0.6281762595062007,-6.71094668700235,-6.71094668700235,-9.610103003713782,-2.8991563167114314,-9.610103003713782,0.006135225296020508,0.00444966699978977,0.0017633620009291917,4.911000360152684e-06
2.2545413970947266,2.38232421875,9.415082931518555,0.4634750357682865,0.0,0.0,2.12811279296875,-0.5126301050186157,-0.007191940924063723,0.0,0.0,0.05534791946411133,-0.5207305550575256,-0.0028518953257091785,-0.6272956365946263,-6.673612652449186,-6.673612652449186,-9.357745389278417,-2.684132736829232,-9.357745389278417,0.006234884262084961,0.004490974999498576,0.0017778569999791216,4.978999641025439e-06
2.2608327865600586,2.4443359375,10.014936447143555,0.430665508524926,0.0,0.0,2.12554931640625,-0.24542993307113647,-0.005992199297856015,0.0,0.0,0.05143308639526367,-0.6091206669807434,-0.006785438252333283,-0.6225058133266255,-6.586559079751254,-6.586559079751254,-8.686834088261786,-2.100275008510533,-8.686834088261786,0.006291389465332031,0.004934029000651208,0.0017437879996577976,4.854000508203171e-06
2.267533540725708,2.51397705078125,10.570570945739746,0.4052354727300741,0.0,0.0,2.1246795654296875,-0.055574238300323486,-0.004739903204489052,0.0,0.0,0.04713869094848633,-0.6313422322273254,-0.01092772782347846,-0.6131287612894387,-6.457475215394317,-6.457475215394317,-8.1628677761275,-1.705392560733184,-8.1628677761275,0.006700754165649414,0.004959186999258236,0.0016497370015713386,4.114999683224596e-06
2.274163246154785,2.58349609375,11.009726524353027,0.3883137431484768,0.0,0.0,2.1249847412109375,0.032089296728372574,-0.0036935541995192223,0.0,0.0,0.04333209991455078,-0.616850733757019,-0.014949988773351717,-0.5995749568894917,-6.300642668170206,-6.300642668170206,-7.811594546398085,-1.5109518782278797,-7.811594546398085,0.0066297054290771484,0.004276706999007729,0.001680020001003868,4.018998879473656e-06
2.2801406383514404,2.65325927734375,11.306873321533203,0.3701226189987589,0.0,0.0,2.12451171875,-0.07355993986129761,-0.002769103759123467,0.0,0.0,0.03950929641723633,-0.6157925724983215,-0.018488359180087396,-0.5837861046605171,-6.121322473117121,-6.121322473117121,-7.436429113215109,-1.315106640097988,-7.436429113215109,0.0059773921966552734,0.004305021000618581,0.0017532180008856812,4.3049985833931714e-06
2.286219358444214,2.72430419921875,11.774846076965332,0.3580696076421389,0.0,0.0,2.124969482421875,0.21372701227664948,-0.0020822206385401718,0.0,0.0,0.0362548828125,-0.5843883752822876,-0.021979667445351844,-0.5643537622490711,-5.9215614296525985,-5.9215614296525985,-7.18694087233343,-1.2653794426808314,-7.18694087233343,0.0060787200927734375,0.00428325400025642,0.0016217440006585093,4.089999492862262e-06
2.2921440601348877,2.79803466796875,12.440248489379883,0.34398920545326644,0.0,0.0,2.12677001953125,0.27450886368751526,-0.001529639023580765,0.0,0.0,0.032930850982666016,-0.5646628737449646,-0.02525931736845216,-0.5422453551452286,-5.6991293968316725,-5.6991293968316725,-6.8985526860413104,-1.1994232892096377,-6.8985526860413104,0.005924701690673828,0.004342871001426829,0.001668655999310431,4.113000613870099e-06
2.298175573348999,2.87548828125,13.292243003845215,0.3137649098663028,0.0,0.0,2.1291656494140625,0.35317954421043396,-0.0010036936559881292,0.0,0.0,0.02914905548095703,-0.6007125377655029,-0.028454227160913503,-0.5166531441346374,-5.435613493087049,-5.435613493087049,-6.287613456908424,-0.8519999638213747,-6.287613456908424,0.006031513214111328,0.004321062999224523,0.0016438450002169702,4.102999810129404e-06
2.3041598796844482,2.95379638671875,13.289936065673828,0.2744358338284704,0.0,0.0,2.1316986083984375,0.4319321811199188,-0.0005823855494152017,0.0,0.0,0.025504589080810547,-0.6445573568344116,-0.03146270538715551,-0.48832893081538253,-5.141034673738885,-5.141034673738885,-5.49586251153138,-0.3548278377924956,-5.49586251153138,0.005984306335449219,0.004279322998627322,0.0016959020013018744,4.41599877376575e-06
2.3101556301116943,3.03619384765625,13.505048751831055,0.22190751267469633,0.0,0.0,2.13372802734375,0.3276687562465668,-0.00027966936844510566,0.0,0.0,0.021106243133544922,-0.7146581411361694,-0.03429857219849843,-0.4571824458697235,-4.801876929437125,-4.801876929437125,-4.4415817794870325,0.36029514995009193,-4.4415817794870325,0.005995750427246094,0.004331959000410279,0.0016522320001968183,4.053999873576686e-06
2.316160202026367,3.11761474609375,14.106289863586426,0.1777321274446618,0.0,0.0,2.1338653564453125,-0.1325312703847885,-0.00013151424179569767,0.0,0.0,0.016725540161132812,-0.7217510938644409,-0.03694355868059001,-0.42339037486248676,-4.436813300510371,-4.436813300510371,-3.55625622057167,0.880557079938701,-3.55625622057167,0.0060045719146728516,0.004278504000467365,0.00174247699942498,4.318000719649717e-06
2.3222014904022217,3.20660400390625,14.281076431274414,0.1373646792833235,0.0,0.0,2.132568359375,-0.11260843276977539,-6.294228100935562e-05,0.0,0.0,0.01219940185546875,-0.7142278552055359,-0.03939251662200763,-0.3869604914364085,-4.046151200195656,-4.046151200195656,-2.748065883592946,1.2980853166027098,-2.748065883592946,0.006041288375854492,0.0043234329987171805,0.0016160840004886268,4.0499999158782884e-06
2.3281607627868652,3.289306640625,14.38943099975586,0.10606712846179986,0.0,0.0,2.132110595703125,-0.062384068965911865,-3.1573498892554795e-05,0.0,0.0,0.008273601531982422,-0.6750843524932861,-0.04158596031387053,-0.34884025383464395,-3.6491381452827554,-3.6491381452827554,-2.121729974130375,1.5274081711523808,-2.121729974130375,0.005959272384643555,0.00397463199988124,0.0016134440011228435,4.032999640912749e-06
2.3337690830230713,3.37115478515625,14.73853874206543,0.05839342555368948,0.0,0.0,2.132080078125,0.07043743878602982,-1.1789975515416627e-05,0.0,0.0,0.0043487548828125,-0.7175005078315735,-0.043437515130019755,-0.31117497387131926,-3.244216393988816,-3.244216393988816,-1.1680131733500487,2.0762032206387673,-1.1680131733500487,0.005608320236206055,0.004391442000269308,0.0017025500001182081,3.989998731412925e-06
2.3398873805999756,3.46197509765625,14.728100776672363,0.009097413900713565,0.0,0.0,2.1328582763671875,0.1373511105775833,-1.2951893021451199e-06,0.0,0.0,-0.0002460479736328125,-0.7299858331680298,-0.04521117882066322,-0.26832932938926973,-2.7849569341576843,-2.7849569341576843,-0.1819641699075487,2.6029927642501356,-0.1819641699075487,0.006118297576904297,0.00436207100028696,0.0016290309995383723,4.072000592714176e-06
2.3458986282348633,3.5526123046875,14.889274597167969,-0.013224662571883698,0.0,0.0,2.1331634521484375,-0.009060250595211983,1.3748002564377759e-06,0.0,0.0,-0.00443267822265625,-0.6277117133140564,-0.04669370801209358,-0.22468784236296985,-2.333500509809256,-2.333500509809256,0.26451012015247644,2.5980106299617325,0.26451012015247644,0.006011247634887695,0.004274425000403426,0.001736796000841423,4.056999387103133e-06
2.3519294261932373,3.642822265625,15.029306411743164,-0.09150990317185306,0.0,0.0,2.1322174072265625,-0.12911146879196167,7.168344019349843e-06,0.0,0.0,-0.008420944213867188,-0.7866345643997192,-0.047913432044375495,-0.17961692932992016,-1.8427722198992407,-1.8427722198992407,1.8302860185784007,3.6730582384776413,1.8302860185784007,0.0060307979583740234,0.004123246999370167,0.0016977129998849705,4.364001142675988e-06
2.3577704429626465,3.72833251953125,14.927547454833984,-0.11071043910257428,0.0,0.0,2.1321258544921875,0.02524966187775135,6.722417517402754e-06,0.0,0.0,-0.01270914077758789,-0.631982684135437,-0.048832624079986474,-0.13497874707741694,-1.371121029132063,-1.371121029132063,2.2142912657020037,3.5854122948340668,2.2142912657020037,0.00584101676940918,0.004108954999537673,0.0016826240007503657,4.80900052934885e-06
2.363583564758301,3.81793212890625,15.078108787536621,-0.19306781902280684,0.0,0.0,2.13201904296875,-0.04431641101837158,9.321683393544507e-06,0.0,0.0,-0.016835689544677734,-0.8025954961776733,-0.049486339975408085,-0.0898316703322045,-0.865829822586696,-0.865829822586696,3.8614707569394904,4.727300579526187,3.8614707569394904,0.005813121795654297,0.004448518000572221,0.0016153889991983306,4.15700014855247e-06
2.369668483734131,3.90667724609375,14.691678047180176,-0.2375711962772124,0.0,0.0,2.1317291259765625,-0.026785194873809814,1.0398076428856615e-05,0.0,0.0,-0.021255016326904297,-0.7333589792251587,-0.04988782430834481,-0.04206447945061053,-0.34220444260360827,-0.34220444260360827,4.751551509304107,5.093755951907716,4.751551509304107,0.006084918975830078,0.004202698000881355,0.001607991000128095,3.9360002119792625e-06
2.3754985332489014,3.990478515625,14.457138061523438,-0.2824096121148487,0.0,0.0,2.13226318359375,0.14171715080738068,1.2874367461928343e-05,0.0,0.0,-0.025537490844726562,-0.7101960182189941,-0.04999901882477695,0.003936235010178932,0.16700236152340917,0.16700236152340917,5.648350209995889,5.481347848472479,5.648350209995889,0.005830049514770508,0.004598331999659422,0.0017912970015458995,4.032999640912749e-06
2.3819079399108887,4.08331298828125,14.130780220031738,-0.34027893156317557,0.0,0.0,2.1324005126953125,0.017016785219311714,1.9008214539983274e-05,0.0,0.0,-0.030325889587402344,-0.732808530330658,-0.04981172870922237,0.05447443102655124,0.727454270537448,0.727454270537448,6.805811860889763,6.078357590352315,6.805811860889763,0.006409406661987305,0.004532613000264973,0.0017539299988129642,5.154000973561779e-06
2.388216972351074,4.17138671875,13.718830108642578,-0.41248944077897337,0.0,0.0,2.131591796875,-0.0820610374212265,3.4058665941091915e-05,0.0,0.0,-0.03544950485229492,-0.7984665632247925,-0.049311941901271,0.10387789885198623,1.297210622189569,1.297210622189569,8.250206713321065,6.952996091131496,8.250206713321065,0.006309032440185547,0.0045775279995723395,0.0018717229995672824,4.884001100435853e-06
2.394688606262207,4.25897216796875,13.327808380126953,-0.4727691800574575,0.0,0.0,2.131744384765625,-0.05707923695445061,6.600484361269886e-05,0.0,0.0,-0.04018211364746094,-0.7896265983581543,-0.04847744443718105,0.15387385138880558,1.871607037766141,1.871607037766141,9.456193476530881,7.584586438764741,9.456193476530881,0.0064716339111328125,0.004581289000270772,0.0017576250011188677,5.095998858450912e-06
2.4010496139526367,4.3424072265625,12.520227432250977,-0.5521309379739401,0.0,0.0,2.131134033203125,-0.02911721169948578,0.0001554319070983378,0.0,0.0,-0.04639148712158203,-0.8691540956497192,-0.04734490115412843,0.20202579070680968,2.4621378811527013,2.4621378811527013,11.044525899443151,8.58238801829045,11.044525899443151,0.0063610076904296875,0.005398134999268223,0.0018500700007280102,5.0679991545621306e-06
2.4083213806152344,4.42913818359375,12.019702911376953,-0.5852921119807863,0.0,0.0,2.1312255859375,0.05607273057103157,0.00034086211267544633,0.0,0.0,-0.051461219787597656,-0.7250141501426697,-0.0456803270055313,0.2554739513417315,3.069497068019709,3.069497068019709,11.710024596826363,8.640527528806654,11.710024596826363,0.007271766662597656,0.004683766999733052,0.0017690730001049815,4.812000042875297e-06
2.414797306060791,4.50396728515625,11.387691497802734,-0.6448662043350262,0.0,0.0,2.131317138671875,-0.04191730543971062,0.0007532450930569596,0.0,0.0,-0.05670881271362305,-0.7703655362129211,-0.0438765461955412,0.3012913327601633,3.626198293696766,3.626198293696766,12.906566357780747,9.28036806408398,12.906566357780747,0.006475925445556641,0.004999157001293497,0.0019669909997901414,4.863999492954463e-06
2.421785593032837,4.5777587890625,10.473370552062988,-0.6853087465313558,0.0,0.0,2.1292724609375,-0.5757216215133667,0.001497571404214974,0.0,0.0,-0.06131315231323242,-0.7072885632514954,-0.04160466411301589,0.34848789371689326,4.1839455479238845,4.1839455479238845,13.724550039880828,9.540604491956943,13.724550039880828,0.0069882869720458984,0.004486788999201963,0.0017527689997223206,5.117000910104252e-06
2.4280476570129395,4.64044189453125,9.588251113891602,-0.6786689013886362,0.0,0.0,2.1240081787109375,-0.9334463477134705,0.0026060954989757857,0.0,0.0,-0.06485271453857422,-0.4987281262874603,-0.03929591350282531,0.3885084429528535,4.64243025061798,4.64243025061798,13.605354659661199,8.96292440904322,13.605354659661199,0.006262063980102539,0.004586893999658059,0.0021227699999144534,4.819001333089545e-06
2.434779405593872,4.6988525390625,8.57082462310791,-0.6702039649135262,0.0,0.0,2.1184844970703125,-0.5377459526062012,0.004274520180644538,0.0,0.0,-0.06746816635131836,-0.3563743531703949,-0.03654317186905764,0.4288423043996587,5.079175376703855,5.079175376703855,13.45652739864522,8.377352021941364,13.45652739864522,0.006731748580932617,0.004778214999532793,0.0019619070008047856,4.477000402403064e-06
2.4415552616119385,4.75146484375,7.531506061553955,-0.6773450728883696,0.0,0.0,2.116424560546875,-0.2359601855278015,0.006820301234246805,0.0,0.0,-0.0693821907043457,-0.3059645891189575,-0.03350851606323871,0.46634262745040955,5.4836248832743815,5.4836248832743815,13.63058613548612,8.146961252211739,13.63058613548612,0.006775856018066406,0.004759968000143999,0.0017055429998436011,4.823999915970489e-06
2.448042631149292,4.79473876953125,6.204541206359863,-0.6864109772193828,0.0,0.0,2.1171417236328125,0.3001016676425934,0.01042460678403414,0.0,0.0,-0.07138252258300781,-0.2574380338191986,-0.030375242743888087,0.4990834396773287,5.8461877326149985,5.8461877326149985,13.856128830078129,8.00994109746313,13.856128830078129,0.006487369537353516,0.004599875001076725,0.0021134119997441303,4.900999556411989e-06
2.4547784328460693,4.83221435546875,5.316401481628418,-0.6919084680577674,0.0,0.0,2.120697021484375,0.6396768093109131,0.015211001225820463,0.0,0.0,-0.07297849655151367,-0.19499562680721283,-0.02690877864981015,0.5295674381616748,6.18220362154581,6.18220362154581,14.02480741300124,7.84260379145543,14.02480741300124,0.006735801696777344,0.004872462999628624,0.0018560930002422538,5.0150010793004185e-06
2.4615299701690674,4.86248779296875,4.199313640594482,-0.6806369420553045,0.0,0.0,2.123992919921875,0.28839683532714844,0.02087348655700569,0.0,0.0,-0.07383060455322266,-0.08059839904308319,-0.023240882629917792,0.5563172684445932,6.4670698392695325,6.4670698392695325,13.868855240572149,7.401785401302615,13.868855240572149,0.006751537322998047,0.004347566999058472,0.0018080650006595533,4.956000339007005e-06
2.4677083492279053,4.884521484375,3.1750898361206055,-0.667749731516941,0.0,0.0,2.1266021728515625,0.743850827217102,0.027631629257408176,0.0,0.0,-0.07391786575317383,-0.003123536705970764,-0.01973718364337918,0.5772935927370854,6.686212003678477,6.686212003678477,13.69403302612676,7.007821022448283,13.69403302612676,0.006178379058837891,0.004719135000414099,0.0018383610004093498,4.864999937126413e-06
2.474287986755371,4.8997802734375,1.967759370803833,-0.6634535988545519,0.0,0.0,2.1366119384765625,1.8208632469177246,0.03595052920929552,0.0,0.0,-0.07378625869750977,0.025501597672700882,-0.01587570079126056,0.595805295395412,6.883977723003459,6.883977723003459,13.710182764924125,6.826205041920667,13.710182764924125,0.00657963752746582,0.005007476000173483,0.0017188219990202924,5.062000127509236e-06
2.4810376167297363,4.907958984375,0.8850173950195312,-0.6679729643946717,0.0,0.0,2.1489410400390625,1.8268533945083618,0.0461365785981048,0.0,0.0,-0.0737295150756836,0.018603291362524033,-0.011801983734709098,0.610564397131755,7.05644485413932,7.05644485413932,13.925552276813082,6.869107422673763,13.925552276813082,0.006749629974365234,0.0044610609984374605,0.001819455001168535,5.013998816139065e-06
2.4873414039611816,4.90924072265625,0.022463679313659668,-0.6455972827467288,0.0,0.0,2.1619720458984375,2.317415475845337,0.055475443533974086,0.0,0.0,-0.07331514358520508,0.12678852677345276,-0.007920129640724699,0.6203857636242892,7.168036398428127,7.168036398428127,13.592625943677977,6.424589545249849,13.592625943677977,0.0063037872314453125,0.004741490000014892,0.001816088999476051,1.949500074260868e-05
2.4939346313476562,4.90423583984375,-1.0534225702285767,-0.6081423274640203,0.0,0.0,2.1850738525390625,4.186365604400635,0.06360798702674858,0.0,0.0,-0.07194089889526367,0.2521921396255493,-0.003807294646068886,0.6264943252854883,7.223902103332474,7.223902103332474,12.943312647748606,5.719410544416132,12.943312647748606,0.006593227386474609,0.004558857001029537,0.0017651259986450896,4.190000254311599e-06
2.500279188156128,4.8948974609375,-1.7399502992630005,-0.5197422410779348,0.0,0.0,2.2216949462890625,6.362226486206055,0.056947436735022644,0.0,0.0,-0.06911087036132812,0.5745332837104797,0.0001754187321876362,0.6283146638162219,7.181968145873324,7.181968145873324,11.09358637657218,3.9116182306988545,11.09358637657218,0.00634455680847168,0.004499027998463134,0.0017162200001621386,4.812000042875297e-06
2.5065157413482666,4.8804931640625,-2.501281261444092,-0.4192886740511267,0.0,0.0,2.2688751220703125,8.299137115478516,0.03447976527411855,0.0,0.0,-0.064208984375,0.8737135529518127,0.004089388103434836,0.6262135184757902,7.044724824002708,7.044724824002708,8.80883808560237,1.7641132615996615,8.80883808560237,0.006236553192138672,0.00436496699876443,0.0016106870007206453,4.098999852431007e-06
2.512512683868408,4.86279296875,-3.121915817260742,-0.3157049619402207,0.0,0.0,2.325531005859375,9.5546236038208,0.014363315992782004,0.0,0.0,-0.057816505432128906,1.1134693622589111,0.007829594544296487,0.6205672125178328,6.830569678104157,6.830569678104157,6.490336244846413,-0.34023343325774524,6.490336244846413,0.0059969425201416016,0.0043545619992073625,0.0016546320002817083,4.333000106271356e-06
2.518543004989624,4.843017578125,-3.3670780658721924,-0.26082978226237746,0.0,0.0,2.3883514404296875,10.853811264038086,0.0058592893156568515,0.0,0.0,-0.050972938537597656,1.102622389793396,0.01154576358169971,0.6113375077833758,6.589447914515029,6.589447914515029,5.28848876568326,-1.3009591488317689,5.28848876568326,0.00603032112121582,0.00448590999985754,0.0019012630000361241,4.21699951402843e-06
2.5249505043029785,4.8194580078125,-3.8101134300231934,-0.2718306615132775,0.0,0.0,2.46221923828125,11.280861854553223,0.003324731951468316,0.0,0.0,-0.045828819274902344,0.8840389251708984,0.01542126976487569,0.5976870819235172,6.367798331133226,6.367798331133226,5.477407487337762,-0.8903908437954648,5.477407487337762,0.006407499313354492,0.004275752999092219,0.0020570550004777033,4.182000338914804e-06
2.5313031673431396,4.7933349609375,-4.1165571212768555,-0.19781098218009954,0.0,0.0,2.5375823974609375,11.214340209960938,0.0011317330909260928,0.0,0.0,-0.037958621978759766,1.108688235282898,0.019165030489891644,0.5803298532381218,6.055697100301046,6.055697100301046,3.970105939195829,-2.085591161105217,3.970105939195829,0.006352663040161133,0.004643884998586145,0.0018410660013614688,4.253999577485956e-06
2.537808418273926,4.766845703125,-4.222272872924805,-0.14885626412533143,0.0,0.0,2.6062164306640625,10.896478652954102,0.00042982592692283276,0.0,0.0,-0.03097248077392578,1.1222221851348877,0.02287201769480414,0.558726162808139,5.718287493770372,5.718287493770372,2.9823992202601515,-2.735888273510221,2.9823992202601515,0.006505250930786133,0.0044395500008249655,0.0016106250004668254,4.310999429435469e-06
2.5438783168792725,4.7392578125,-4.58563756942749,-0.09095561135679142,0.0,0.0,2.668182373046875,10.494400024414062,0.00014193309749071473,0.0,0.0,-0.024250507354736328,1.1851352453231812,0.026193637394885772,0.535199549913292,5.357668716632919,5.357668716632919,1.8208537375344438,-3.536814979098475,1.8208537375344438,0.00606989860534668,0.004151241000727168,0.001731804999508313,4.244999217917211e-06
2.549781560897827,4.712646484375,-4.486157417297363,-0.052854000143488775,0.0,0.0,2.727630615234375,9.946134567260742,4.740103954166308e-05,0.0,0.0,-0.017326831817626953,1.15194571018219,0.02927811498572267,0.5093322213932185,4.981395110777118,4.981395110777118,1.057661610716898,-3.9237335000602203,1.057661610716898,0.0059032440185546875,0.004067248999490403,0.0016513509999640519,4.274999810149893e-06
2.5555202960968018,4.68682861328125,-4.710919380187988,-0.0265294092709034,0.0,0.0,2.782379150390625,9.564537048339844,1.445266124558083e-05,0.0,0.0,-0.01109933853149414,1.096367359161377,0.032122406250203586,0.4814988221934564,4.604183659622638,4.604183659622638,0.5307655186848805,-4.073418140937758,0.5307655186848805,0.005738735198974609,0.004142250998484087,0.001621543000510428,4.551000529318117e-06
2.561305522918701,4.65875244140625,-4.5757060050964355,0.014794788093457495,0.0,0.0,2.83648681640625,8.81668472290039,-5.146218338188639e-06,0.0,0.0,-0.004366397857666016,1.116726279258728,0.0348206839685967,0.4509068682956105,4.195980397678527,4.195980397678527,-0.295958905652439,-4.491939303330966,-0.295958905652439,0.005785226821899414,0.004466939000849379,0.001683886999671813,4.232999344822019e-06
2.5674898624420166,4.63116455078125,-4.574978828430176,0.04196397757707151,0.0,0.0,2.8896636962890625,8.131217956542969,-9.747638147166772e-06,0.0,0.0,0.0021843910217285156,1.053554654121399,0.03750134087486696,0.4155745372971709,3.7604724716071183,3.7604724716071183,-0.8393991544634782,-4.5998716260705965,-0.8393991544634782,0.00618433952331543,0.004386100001283921,0.001586696998856496,4.006000381195918e-06
2.5734825134277344,4.6038818359375,-4.5504021644592285,0.05078684818245095,0.0,0.0,2.93731689453125,8.079680442810059,-8.202627285889045e-06,0.0,0.0,0.007900714874267578,0.9354311227798462,0.03988309654419389,0.37894194484739757,3.3375025350100476,3.3375025350100476,-1.0158376093825856,-4.353340144392633,-1.0158376093825856,0.0059926509857177734,0.004144418999203481,0.001628580999749829,4.101000740774907e-06
2.579275608062744,4.57861328125,-4.394839763641357,0.08950136207497003,0.0,0.0,2.979827880859375,7.355915546417236,-1.0422992599942733e-05,0.0,0.0,0.013349533081054688,0.968497097492218,0.04197076957700663,0.34148508123658117,2.901652795578369,2.901652795578369,-1.7901551309791515,-4.69180792655752,-1.7901551309791515,0.005793094635009766,0.004215900000417605,0.0016322229985235026,3.932000254280865e-06
2.5851430892944336,4.55267333984375,-4.408146381378174,0.12023735474305187,0.0,0.0,3.022796630859375,6.996886253356934,-1.0431989924153031e-05,0.0,0.0,0.0190582275390625,0.9260717630386353,0.04385857552650275,0.3017042312930126,2.4474483058397567,2.4474483058397567,-2.4048750947374042,-4.852323400577161,-2.4048750947374042,0.005867481231689453,0.004347265999967931,0.0016195839998545125,3.994000508100726e-06
2.5911295413970947,4.5274658203125,-4.117878437042236,0.13042545355324386,0.0,0.0,3.064239501953125,7.003701686859131,-8.68237553918503e-06,0.0,0.0,0.02396106719970703,0.8029265999794006,0.045538965605616544,0.2594286390023038,1.995595484290123,1.995595484290123,-2.608615603280079,-4.604211087570202,-2.608615603280079,0.005986452102661133,0.004292445999453776,0.0016962099998636404,3.817000106209889e-06
2.597137689590454,4.503173828125,-4.050729274749756,0.14756377444600882,0.0,0.0,3.105072021484375,6.853854179382324,-7.73944083448918e-06,0.0,0.0,0.02835988998413086,0.7380673885345459,0.04696643867447843,0.2155246637407416,1.5399684392512758,1.5399684392512758,-2.9513704513844012,-4.491338890635677,-2.9513704513844012,0.006008148193359375,0.004156064000198967,0.0016651740006636828,4.110999725526199e-06
2.602978467941284,4.47930908203125,-3.835015296936035,0.16629934794053602,0.0,0.0,3.1444244384765625,6.30027437210083,-7.037665682940655e-06,0.0,0.0,0.032811641693115234,0.6770955920219421,0.048097689054101014,0.17166430743421757,1.087363848787911,1.087363848787911,-3.3260733105368896,-4.4134371593248005,-3.3260733105368896,0.005840778350830078,0.00429568300023675,0.0016189710004255176,4.047999027534388e-06
2.608912706375122,4.4578857421875,-3.521322250366211,0.19723520834638475,0.0,0.0,3.182037353515625,6.15609884262085,-6.880974684869423e-06,0.0,0.0,0.036655426025390625,0.6609967947006226,0.048981769410807424,0.1261567639678741,0.6237337909647329,0.6237337909647329,-3.9447885960649303,-4.568522387029663,-3.9447885960649303,0.005934238433837891,0.004508608000833192,0.0017019900005834643,4.125999112147838e-06
2.6151440143585205,4.4373779296875,-3.4132301807403564,0.2435674119631816,0.0,0.0,3.2170257568359375,5.826774597167969,-8.09589486614542e-06,0.0,0.0,0.040929317474365234,0.680526852607727,0.04961699484095858,0.07762093933245702,0.1216351159994915,0.1216351159994915,-4.871447575396957,-4.993082691396448,-4.871447575396957,0.0062313079833984375,0.004283551999833435,0.0016916470012802165,4.186998921795748e-06
2.6211390495300293,4.41766357421875,-3.108588933944702,0.26779376553054685,0.0,0.0,3.251312255859375,5.586014747619629,-9.137176748836549e-06,0.0,0.0,0.04456806182861328,0.5911291837692261,0.04994116130913932,0.030472884140580313,-0.3557949790489865,-0.3557949790489865,-5.355987423209079,-5.000192444160093,-5.355987423209079,0.005995035171508789,0.004366121000202838,0.0016497180004080292,4.030000127386302e-06
2.627173900604248,4.40087890625,-2.723620891571045,0.2924486268074803,0.0,0.0,3.2863311767578125,5.717348098754883,-1.0967570323817392e-05,0.0,0.0,0.04801511764526367,0.5292780995368958,0.04998134427658191,-0.01716229635799677,-0.8327824909261545,-0.8327824909261545,-5.849107107564619,-5.016324616638464,-5.849107107564619,0.00603485107421875,0.004609035000612494,0.0017214019990205998,4.120000085094944e-06
2.633523941040039,4.38555908203125,-2.3240256309509277,0.36160976465423683,0.0,0.0,3.318328857421875,4.737128257751465,-1.8017816899911814e-05,0.0,0.0,0.051873207092285156,0.6445462107658386,0.04971343356111896,-0.06717371432676546,-1.3582094701570675,-1.3582094701570675,-7.2324163705927065,-5.874206900435639,-7.2324163705927065,0.006350040435791016,0.004464768999241642,0.001761086999977124,4.1050006984733045e-06
2.6397697925567627,4.372802734375,-1.8909409046173096,0.39083833323497663,0.0,0.0,3.348052978515625,5.152275085449219,-2.7356662059673025e-05,0.0,0.0,0.05522584915161133,0.5390851497650146,0.049141260495259735,-0.11594921248581769,-1.8589498668726587,-1.8589498668726587,-7.8171023292646735,-5.958152462392015,-7.8171023292646735,0.006245851516723633,0.004135750999921584,0.0017057059994840529,4.034000085084699e-06
2.6456308364868164,4.36407470703125,-1.286258578300476,0.4184518998081557,0.0,0.0,3.378875732421875,4.931262016296387,-4.3060992767017266e-05,0.0,0.0,0.058197021484375,0.48186808824539185,0.04832906511343284,-0.16107590581591094,-2.3232807627668532,-2.3232807627668532,-8.369566351902574,-6.04628558913572,-8.369566351902574,0.005861043930053711,0.004269414999725996,0.0015854619996389374,4.0930008253781125e-06
2.6515052318573,4.3587646484375,-0.7324844002723694,0.4304153059999319,0.0,0.0,3.406280517578125,4.875137805938721,-6.485335649333137e-05,0.0,0.0,0.06051778793334961,0.37469688057899475,0.047252079086707525,-0.20542884575328127,-2.7648375027545904,-2.7648375027545904,-8.609101866704057,-5.844264363949466,-8.609101866704057,0.0058743953704833984,0.0041022910008905455,0.001683448999756365,4.292998710297979e-06
2.6573264598846436,4.35711669921875,-0.11622604727745056,0.458000711975443,0.0,0.0,3.436676025390625,4.866360187530518,-0.00010530992846980139,0.0,0.0,0.06269502639770508,0.3592982888221741,0.04593092653298797,-0.24827726300298716,-3.196705847527468,-3.196705847527468,-9.16130638587042,-5.9646005383429515,-9.16130638587042,0.00582122802734375,0.0044550500006153015,0.0016846719991008285,4.271001671440899e-06
2.6634862422943115,4.3582763671875,0.248971626162529,0.4833178212188447,0.0,0.0,3.46295166015625,4.127910137176514,-0.00017487925043997398,0.0,0.0,0.06475687026977539,0.3137322962284088,0.044265585774049813,-0.29216687800198626,-3.636365698974574,-3.636365698974574,-9.66850218205095,-6.032136483076377,-9.66850218205095,0.006159782409667969,0.004383317000247189,0.001606083000297076,4.29499959864188e-06
2.6694958209991455,4.36309814453125,0.9674854278564453,0.4921150728267153,0.0,0.0,3.48797607421875,4.301004409790039,-0.0002746991611819066,0.0,0.0,0.0662069320678711,0.21042437851428986,0.04238528973219778,-0.33330203735445885,-4.037784181966769,-4.037784181966769,-9.845671998389214,-5.807887816422446,-9.845671998389214,0.006009578704833984,0.004490084000281058,0.001661337000768981,4.065999746671878e-06
2.6756668090820312,4.37158203125,1.580510139465332,0.5055940058772042,0.0,0.0,3.513580322265625,3.9712085723876953,-0.0004335305682749202,0.0,0.0,0.0672159194946289,0.15258924663066864,0.04020316899704515,-0.37356275524837745,-4.426026284355968,-4.426026284355968,-10.117199511019717,-5.691173226663749,-10.117199511019717,0.006170988082885742,0.004319121999287745,0.0016631210000923602,4.23700112150982e-06
2.681668996810913,4.3834228515625,2.1049089431762695,0.5347163235591613,0.0,0.0,3.5356597900390625,3.6504080295562744,-0.0007341065162136678,0.0,0.0,0.06823301315307617,0.163826584815979,0.03784879611102239,-0.41057020092064583,-4.79515012286156,-4.79515012286156,-10.703333913099733,-5.908183790238173,-10.703333913099733,0.006002187728881836,0.004337676000432111,0.001585975998750655,4.147001163801178e-06
2.687612295150757,4.39813232421875,2.5990920066833496,0.5492586943113924,0.0,0.0,3.5565032958984375,3.355755567550659,-0.001202058058920172,0.0,0.0,0.06897830963134766,0.09899535775184631,0.035305412453006245,-0.4449148053329868,-5.135220723130434,-5.135220723130434,-10.999923064864536,-5.864702341734102,-10.999923064864536,0.00594329833984375,0.004588595000313944,0.001943495999512379,4.285999239073135e-06
2.694164276123047,4.41796875,3.2778403759002686,0.5758200403065994,0.0,0.0,3.5772705078125,3.005882740020752,-0.0020728425861532692,0.0,0.0,0.06951522827148438,0.0969129204750061,0.03227403161072684,-0.47989501526511286,-5.486184833819234,-5.486184833819234,-11.541834457495195,-6.0556496236759605,-11.541834457495195,0.006551980972290039,0.004866691999268369,0.001861155000369763,4.478999471757561e-06
2.7009124755859375,4.444580078125,4.160457611083984,0.5909412849566053,0.0,0.0,3.5944976806640625,2.2119808197021484,-0.0034859975796142978,0.0,0.0,0.07015323638916016,0.04027546942234039,0.028923510811665318,-0.5125216280949659,-5.8165964979468745,-5.8165964979468745,-11.861598675568022,-6.045002177621147,-11.861598675568022,0.006748199462890625,0.004522496999925352,0.0018401139986963244,4.2410010792082176e-06
2.7072958946228027,4.4727783203125,4.673881530761719,0.5864789956006614,0.0,0.0,3.6071929931640625,1.9879827499389648,-0.005344852618929456,0.0,0.0,0.06978559494018555,-0.06570718437433243,0.02556237125190036,-0.5399980412964585,-6.081971583092911,-6.081971583092911,-11.795160925740785,-5.713189342647873,-11.795160925740785,0.006383419036865234,0.004716964998806361,0.0017706250000628643,4.311001248424873e-06
2.7138044834136963,4.50732421875,5.5802202224731445,0.5794506590188305,0.0,0.0,3.6194915771484375,1.8152931928634644,-0.007686354535188078,0.0,0.0,0.06920433044433594,-0.14439836144447327,0.021966211216856393,-0.5644364893839082,-6.313678131823027,-6.313678131823027,-11.683324278965516,-5.36964614714249,-11.683324278965516,0.006508588790893555,0.004436753999470966,0.0016350299993064255,4.130000888835639e-06
2.7198963165283203,4.54254150390625,6.084275245666504,0.5667805052594201,0.0,0.0,3.6286773681640625,1.4262495040893555,-0.010207829836490222,0.0,0.0,0.0677633285522461,-0.2215249091386795,0.018466783441988373,-0.5838939338687895,-6.486462598839194,-6.486462598839194,-11.460859551031778,-4.974396952192583,-11.460859551031778,0.0060918331146240234,0.004601767999702133,0.0017692879991955124,4.261000867700204e-06
2.7262885570526123,4.58551025390625,6.8279337882995605,0.5616584651336551,0.0,0.0,3.6355743408203125,0.9170501828193665,-0.0131950860512722,0.0,0.0,0.06641626358032227,-0.25306880474090576,0.014678859389454152,-0.6006319081890177,-6.638483018806606,-6.638483018806606,-11.395072199003682,-4.756589180197075,-11.395072199003682,0.006392240524291992,0.0041868309999699704,0.0021711800000048243,4.051000360050239e-06
2.732682943344116,4.63470458984375,7.753524303436279,0.5353527972442605,0.0,0.0,3.63751220703125,-0.0455874539911747,-0.01485420804867924,0.0,0.0,0.0639028549194336,-0.3705330491065979,0.01079495494134429,-0.6135000650980672,-6.732693335717828,-6.732693335717828,-10.88931616633684,-4.156622830619011,-10.88931616633684,0.006394386291503906,0.004805680999197648,0.0016700750002200948,4.2359988583484665e-06
2.7391793727874756,4.6864013671875,8.471026420593262,0.5063382147419555,0.0,0.0,3.6351776123046875,-0.4690561294555664,-0.015015796676961894,0.0,0.0,0.06115436553955078,-0.4634998142719269,0.006777868908624975,-0.622518834964145,-6.782748694099096,-6.782748694099096,-10.311007198846305,-3.5282585047472077,-10.311007198846305,0.006496429443359375,0.004530995000095572,0.001727185999698122,4.23500023316592e-06
2.7454586029052734,4.74072265625,9.191645622253418,0.4755390520333458,0.0,0.0,3.6317596435546875,-0.5282957553863525,-0.013670089097421989,0.0,0.0,0.05788230895996094,-0.5443070530891418,0.002851895325709163,-0.6272956365946263,-6.782399644838021,-6.782399644838021,-9.678512195232317,-2.896112550394296,-9.678512195232317,0.0062792301177978516,0.004404848999911337,0.0016492390004714252,4.09800122724846e-06
2.751532793045044,4.79791259765625,9.564911842346191,0.4401310926985269,0.0,0.0,3.62835693359375,-0.5407308340072632,-0.011059487426078585,0.0,0.0,0.05419635772705078,-0.6303724646568298,-0.0009630227227105815,-0.6282019777825815,-6.734703716790989,-6.734703716790989,-8.938321086188969,-2.20361736939798,-8.938321086188969,0.006074190139770508,0.004460976000700612,0.0016439600003650412,4.357998477644287e-06
2.757659435272217,4.859130859375,10.281932830810547,0.41727191266997665,0.0,0.0,3.623809814453125,-0.918736457824707,-0.008661035842018652,0.0,0.0,0.05005645751953125,-0.6464712619781494,-0.0048051377059409,-0.6254103071539823,-6.652285950487173,-6.652285950487173,-8.451708631826552,-1.7994226813393794,-8.451708631826552,0.0061266422271728516,0.0044817669986514375,0.0017500770009064581,4.5649994717678055e-06
2.7639126777648926,4.92584228515625,10.766557693481445,0.3950490799752829,0.0,0.0,3.6173858642578125,-1.0308713912963867,-0.006450989530585628,0.0,0.0,0.045941829681396484,-0.6680296659469604,-0.008697128408405107,-0.6187403165251252,-6.537268046922067,-6.537268046922067,-7.980134845277735,-1.4428667983556687,-7.980134845277735,0.006253242492675781,0.004634527000234812,0.002039114999206504,7.64499964134302e-06
2.770629644393921,5.0040283203125,11.445223808288574,0.3587338626101053,0.0,0.0,3.610687255859375,-0.8636424541473389,-0.004235422300341225,0.0,0.0,0.04068565368652344,-0.737606942653656,-0.012817289327382984,-0.6073233565551018,-6.364503334575905,-6.364503334575905,-7.226645623984135,-0.8621422894082307,-7.226645623984135,0.00671696662902832,0.005146709001564886,0.0019630589995358605,5.330999556463212e-06
2.7777822017669678,5.0872802734375,11.878569602966309,0.35368535796586453,0.0,0.0,3.604461669921875,-0.7148466110229492,-0.0030673915927337063,0.0,0.0,0.03551816940307617,-0.6479912996292114,-0.01710361917936588,-0.5904143389995633,-6.163220992338716,-6.163220992338716,-7.11134386597566,-0.9481228736369441,-7.11134386597566,0.007152557373046875,0.005657731000610511,0.0018624389995238744,4.854000508203171e-06
2.785342216491699,5.17584228515625,12.392953872680664,0.33381544304924793,0.0,0.0,3.60150146484375,-0.4173223674297333,-0.0020676619015076846,0.0,0.0,0.03148078918457031,-0.6519755721092224,-0.02148332390841903,-0.5673638809796269,-5.922308922791526,-5.922308922791526,-6.7016789456654,-0.7793700228738736,-6.7016789456654,0.007560014724731445,0.004450833999726456,0.0018063339994114358,4.716001058113761e-06
2.791621685028076,5.25909423828125,12.952265739440918,0.30093140676425256,0.0,0.0,3.5993804931640625,-0.23907095193862915,-0.0012506849353607502,0.0,0.0,0.02689647674560547,-0.6938480138778687,-0.024975519707131754,-0.5443173027218718,-5.661274619307182,-5.661274619307182,-6.033973962712407,-0.3726993434052249,-6.033973962712407,0.006279468536376953,0.005006552999475389,0.0022580229997402057,4.88600016979035e-06
2.798923969268799,5.3560791015625,13.329911231994629,0.27383872795106523,0.0,0.0,3.6002960205078125,0.26016268134117126,-0.0007344294680978134,0.0,0.0,0.02165699005126953,-0.6704363226890564,-0.02883962423150488,-0.5132675697374887,-5.333149255719475,-5.333149255719475,-5.485785963537618,-0.15263670781814256,-5.485785963537618,0.007302284240722656,0.005182083999898168,0.0018227799992018845,5.011001121602021e-06
2.805950880050659,5.4522705078125,13.885635375976562,0.22821641923090802,0.0,0.0,3.6014556884765625,0.1637149155139923,-0.0003616476859112615,0.0,0.0,0.016948699951171875,-0.7231454253196716,-0.03232926067291069,-0.4793076183177827,-4.97319055734208,-4.97319055734208,-4.568765779537206,0.4044247778048735,-4.568765779537206,0.0070269107818603516,0.005050482001024648,0.0017708519990264904,5.152000085217878e-06
2.8127949237823486,5.5484619140625,14.196106910705566,0.19784304056380178,0.0,0.0,3.6016845703125,-0.1813959926366806,-0.0001799065356467727,0.0,0.0,0.01215505599975586,-0.6813420057296753,-0.035486127134963706,-0.44263865994301443,-4.591485632702541,-4.591485632702541,-3.9590682534311554,0.6324173792713852,-3.9590682534311554,0.006844043731689453,0.00519985299979453,0.0017931769998540403,5.02600050822366e-06
2.8198111057281494,5.648193359375,14.41072940826416,0.15593363019763543,0.0,0.0,3.6013336181640625,0.08313315361738205,-8.601507564987332e-05,0.0,0.0,0.0072574615478515625,-0.6932089924812317,-0.03844990051508305,-0.40165335678155395,-4.16697076763379,-4.16697076763379,-3.1197280036539077,1.0472427639798827,-3.1197280036539077,0.007016181945800781,0.005227932999332552,0.0019704370006365934,4.9640002544038e-06
2.8270318508148193,5.756103515625,14.822778701782227,0.08788135948144851,0.0,0.0,3.6010589599609375,-0.07284475862979889,-3.0913580815764984e-05,0.0,0.0,0.0019245147705078125,-0.7861475348472595,-0.041187979028431035,-0.35621845885954684,-3.6823457570819125,-3.6823457570819125,-1.7580064973690317,1.9243392597128808,-1.7580064973690317,0.007220745086669922,0.005204543000218109,0.0020396580002852716,4.5289998524822295e-06
2.8342974185943604,5.86322021484375,15.279826164245605,0.13189646124829393,0.0,0.0,3.6014862060546875,-0.0008013559854589403,-3.094864757716988e-05,0.0,0.0,-0.0025429725646972656,-0.38164588809013367,-0.043600961375225705,-0.30754408915596415,-3.234695613105583,-3.234695613105583,-2.6383089629729515,0.5963866501326318,-2.6383089629729515,0.007265567779541016,0.005121345000588917,0.0018460869996488327,1.9748000340769067e-05
2.8413004875183105,5.971923828125,15.119486808776855,0.06426228902851591,0.0,0.0,3.6015777587890625,-0.017807308584451675,-1.0473820081562974e-05,0.0,0.0,-0.006935596466064453,-0.5846667289733887,-0.04558320881805424,-0.25819872930684223,-2.742085434162747,-2.742085434162747,-1.28537429370015,1.456711140462597,-1.28537429370015,0.007003068923950195,0.005580049999480252,0.002158459999918705,5.0150010793004185e-06
2.8490610122680664,6.08892822265625,15.375277519226074,-0.04161464547125493,0.0,0.0,3.6006317138671875,-0.08821530640125275,4.886090031708421e-06,0.0,0.0,-0.01165008544921875,-0.7898483872413635,-0.047367204747911694,-0.20119850909469209,-2.145759726667784,-2.145759726667784,0.8323528614500262,2.9781125881178103,0.8323528614500262,0.007760524749755859,0.004761148000397952,0.0020469729988690233,4.961000740877353e-06
2.855891227722168,6.19537353515625,15.582039833068848,-0.1263807516755921,0.0,0.0,3.60089111328125,0.1603696048259735,1.1046022233496112e-05,0.0,0.0,-0.017398357391357422,-0.8374025821685791,-0.04856537806549523,-0.14943103117248285,-1.566806002178175,-1.566806002178175,2.527750567526973,4.094556569705148,2.527750567526973,0.0068302154541015625,0.004645885001082206,0.0020467369995458284,5.145000613993034e-06
2.86260724067688,6.298095703125,15.498642921447754,-0.21284686965292543,0.0,0.0,3.6023406982421875,0.2523544728755951,1.4800995463297827e-05,0.0,0.0,-0.022953510284423828,-0.9020903706550598,-0.04939491294147799,-0.09745427053836135,-0.9727350140613175,-0.9727350140613175,4.257119000364803,5.22985401442612,4.257119000364803,0.006716012954711914,0.004842765998546383,0.0019859969997924054,4.8790006985655054e-06
2.869459390640259,6.40423583984375,15.289216041564941,-0.2478160104150343,0.0,0.0,3.60321044921875,0.05939933657646179,1.5512928911069687e-05,0.0,0.0,-0.028028011322021484,-0.7531828284263611,-0.0498788567143095,-0.04371156135409303,-0.38627608491020216,-0.38627608491020216,4.956510550986707,5.342786635896909,4.956510550986707,0.006852149963378906,0.004455207999853883,0.0016839220006659161,4.981999154551886e-06
2.8756208419799805,6.49688720703125,15.201864242553711,-0.28912269646310707,0.0,0.0,3.603515625,0.05047726631164551,1.8543384916852825e-05,0.0,0.0,-0.0331263542175293,-0.7169923782348633,-0.049998478332782224,0.004901922062496013,0.15860235390127758,0.15860235390127758,5.782681455457434,5.624079101556156,5.782681455457434,0.00616145133972168,0.0048661739983799635,0.0019317000005685259,5.015999704482965e-06
2.8824408054351807,6.59906005859375,14.629207611083984,-0.3444060473681782,0.0,0.0,3.6030426025390625,-0.1376052051782608,2.64713452532216e-05,0.0,0.0,-0.037723541259765625,-0.7289813756942749,-0.04978158463244969,0.058664673542269063,0.7485645299487035,0.7485645299487035,6.888445749145804,6.1398812191971,6.888445749145804,0.006819963455200195,0.004408155000419356,0.0018962309986818582,4.943000021739863e-06
2.8887674808502197,6.68975830078125,14.398479461669922,-0.3883713072857793,0.0,0.0,3.602081298828125,-0.17174376547336578,3.987106221740894e-05,0.0,0.0,-0.041706085205078125,-0.6892634034156799,-0.0492535767288202,0.10816220506935488,1.2966679189752313,1.2966679189752313,7.7679153612029035,6.471247442227672,7.7679153612029035,0.0063266754150390625,0.004450938000445603,0.002322541999092209,5.160000000614673e-06
2.8955631256103516,6.787109375,13.66562557220459,-0.463873198062576,0.0,0.0,3.600921630859375,-0.18281905353069305,7.679810676245722e-05,0.0,0.0,-0.04756450653076172,-0.7741516828536987,-0.04833995420783571,0.16055909034377597,1.9064188254253271,1.9064188254253271,9.278406269309931,7.3719874438846045,9.278406269309931,0.006795644760131836,0.005350706000172067,0.0017160789993795333,4.917999831377529e-06
2.9026522636413574,6.88262939453125,13.466747283935547,-0.5223817395149611,0.0,0.0,3.60015869140625,-0.12139646708965302,0.00015737045274394703,0.0,0.0,-0.05252790451049805,-0.7474508285522461,-0.04701154527126882,0.2139660729260818,2.517523716082583,2.517523716082583,10.449565716099714,7.932042000017131,10.449565716099714,0.007089138031005859,0.004983533999620704,0.001764309999998659,4.960998921887949e-06
2.909421682357788,6.968505859375,12.415420532226562,-0.5840350389540343,0.0,0.0,3.6001739501953125,0.0714394599199295,0.0003602316597272193,0.0,0.0,-0.057663917541503906,-0.7584123015403748,-0.0453948710066964,0.2633863575749029,3.103921229294956,3.103921229294956,11.685120799445325,8.58119957015037,11.685120799445325,0.006769418716430664,0.005231942999671446,0.0018096679996233433,4.991999958292581e-06
2.9164867401123047,7.05267333984375,11.73615837097168,-0.6322722242965945,0.0,0.0,3.601348876953125,0.1754234880208969,0.0007777034427417712,0.0,0.0,-0.06279468536376953,-0.7109259366989136,-0.04335768505225099,0.3129281503401225,3.689622384091404,3.689622384091404,12.654986859462225,8.965364475370821,12.654986859462225,0.0070650577545166016,0.005052933000115445,0.0017066820000763983,4.969000656274147e-06
2.9232687950134277,7.1287841796875,11.077079772949219,-0.6954891227635234,0.0,0.0,3.602630615234375,0.021811142563819885,0.0015921739269322305,0.0,0.0,-0.06760835647583008,-0.7546926140785217,-0.04108058974190393,0.35817135601508643,4.247181899828188,4.247181899828188,13.929318331674056,9.682136431845867,13.929318331674056,0.006782054901123047,0.004736132999823894,0.0019981120003649266,5.109999619890004e-06
2.930025577545166,7.2001953125,10.07481575012207,-0.7227831093789937,0.0,0.0,3.6006622314453125,-0.2829623222351074,0.0028941389866897196,0.0,0.0,-0.07256364822387695,-0.6395654678344727,-0.03851541620642561,0.40066089083867795,4.769603237428165,4.769603237428165,14.49117309539113,9.721569857962965,14.49117309539113,0.006756782531738281,0.005098019000797649,0.002163220000511501,5.344998498912901e-06
2.937310218811035,7.2672119140625,8.907357215881348,-0.7304582222929555,0.0,0.0,3.596710205078125,-0.5611374378204346,0.004837677034530303,0.0,0.0,-0.07624006271362305,-0.4969453513622284,-0.03543955599727106,0.44322746564613197,5.264381768109192,5.264381768109192,14.668522446281312,9.40414067817212,14.668522446281312,0.007284641265869141,0.004549846000372781,0.0018909499995061196,1.7237000065506436e-05
2.943798065185547,7.32000732421875,7.882658004760742,-0.7147084975485152,0.0,0.0,3.593841552734375,-0.33113065361976624,0.007444705553758414,0.0,0.0,-0.07864904403686523,-0.32340818643569946,-0.032449432046782925,0.47802354228914545,5.657611400584942,5.657611400584942,14.385516031382235,8.727904630797292,14.385516031382235,0.006487846374511719,0.004496393999943393,0.0020970400000805967,4.718000127468258e-06
2.9504127502441406,7.36676025390625,6.67310905456543,-0.7131988302519899,0.0,0.0,3.5938568115234375,0.250487744808197,0.011167053162836045,0.0,0.0,-0.08074760437011719,-0.2563105523586273,-0.029179058875817385,0.5102290830716693,6.021098875907647,6.021098875907647,14.400995662249086,8.379896786341439,14.400995662249086,0.00661468505859375,0.005223975998887909,0.0022382770002877805,5.3940002544550225e-06
2.9578981399536133,7.40966796875,5.324268817901611,-0.7228985812810557,0.0,0.0,3.5961456298828125,0.37932318449020386,0.016334798340949364,0.0,0.0,-0.08244752883911133,-0.22437122464179993,-0.025236431015833713,0.5424136062472453,6.383952494454889,6.383952494454889,14.658398599124684,8.274446104669794,14.658398599124684,0.007485389709472656,0.004753565999635612,0.0017714079986035358,4.683000952354632e-06
2.964446783065796,7.440185546875,4.385152816772461,-0.7191088681619271,0.0,0.0,3.599273681640625,0.39876168966293335,0.022605215340249046,0.0,0.0,-0.08375167846679688,-0.1434066742658615,-0.021602962278839066,0.566646066169264,6.664657810247639,6.664657810247639,14.659541968633436,7.994884158385797,14.659541968633436,0.006548643112182617,0.0045542290008597774,0.0017271969991270453,4.943000021739863e-06
2.970750331878662,7.46197509765625,3.1361334323883057,-0.7100005559386875,0.0,0.0,3.602569580078125,0.9668167233467102,0.03004087179725599,0.0,0.0,-0.08426809310913086,-0.069860078394413,-0.0179670752031633,0.5863507052624917,6.890840309486842,6.890840309486842,14.568610772718598,7.677770463231756,14.568610772718598,0.006303548812866211,0.005158730000403011,0.002006321999942884,4.6770001063123345e-06
2.9779369831085205,7.4791259765625,1.8625109195709229,-0.6896906109191894,0.0,0.0,3.6164398193359375,2.0243303775787354,0.038127998871354964,0.0,0.0,-0.08434486389160156,0.03513770177960396,-0.013685683671159382,0.6043238132523878,7.08977747167458,7.08977747167458,14.261640425382584,7.171862953708003,14.261640425382584,0.0071866512298583984,0.004912414999125758,0.0019015730013052234,4.972998794983141e-06
2.9847731590270996,7.4869384765625,0.7320223450660706,-0.6459212204841671,0.0,0.0,3.63311767578125,2.708134412765503,0.04542464278774407,0.0,0.0,-0.08351993560791016,0.20193807780742645,-0.009509031291647185,0.6168511629918961,7.210754522347141,7.210754522347141,13.475781989887128,6.265027467539986,13.475781989887128,0.0068361759185791016,0.005183294000744354,0.002110151999659138,4.94800042361021e-06
2.992089033126831,7.487548828125,-0.2743537724018097,-0.5947177904522384,0.0,0.0,3.657257080078125,3.9237868785858154,0.05193892313935959,0.0,0.0,-0.08130836486816406,0.34907442331314087,-0.00496242389598825,0.6252163218597464,7.266871896091384,7.266871896091384,12.531643209511774,5.264771313420389,12.531643209511774,0.007315874099731445,0.005056611000327393,0.0017466239987697918,4.974001058144495e-06
2.9989147186279297,7.48095703125,-1.2366971969604492,-0.5252573800787447,0.0,0.0,3.693328857421875,5.9695963859558105,0.049020945949467654,0.0,0.0,-0.07807302474975586,0.5569521188735962,-0.000681881258751831,0.6282600991464365,7.2379630111967135,7.2379630111967135,11.106631600939828,3.8686685897431135,11.106631600939828,0.006825685501098633,0.004923889000565396,0.001629303000299842,4.980000085197389e-06
3.005490303039551,7.47003173828125,-1.9204375743865967,-0.44241577822774814,0.0,0.0,3.7395782470703125,7.683986663818359,0.033605571481406686,0.0,0.0,-0.0734858512878418,0.7949174642562866,0.003446923026630258,0.6268237070898289,7.124780241631754,7.124780241631754,9.260653864930012,2.1358736232982576,9.260653864930012,0.006575584411621094,0.004634610999346478,0.0018525560008129105,5.296000381349586e-06
3.012000560760498,7.45477294921875,-2.5534911155700684,-0.3741684660761527,0.0,0.0,3.7971038818359375,9.704511642456055,0.01890511860164508,0.0,0.0,-0.06770086288452148,0.9184613823890686,0.007511627793662218,0.6211875464931206,6.950005917791705,6.950005917791705,7.715333966936213,0.765328049144508,7.715333966936213,0.006510257720947266,0.004639830000087386,0.001770557999407174,5.088000762043521e-06
3.018435001373291,7.43560791015625,-3.1524298191070557,-0.28203231817342894,0.0,0.0,3.864654541015625,10.156609535217285,0.007421173737693234,0.0,0.0,-0.060094356536865234,1.1281589269638062,0.011479726306519026,0.6115338605276374,6.695730156264503,6.695730156264503,5.7317037099410655,-0.9640264463234378,5.7317037099410655,0.006434440612792969,0.005345296000086819,0.0017450199993618298,4.8460005928063765e-06
3.0255472660064697,7.41094970703125,-3.508012056350708,-0.2482181535143091,0.0,0.0,3.936004638671875,10.533236503601074,0.003270028307162805,0.0,0.0,-0.05279111862182617,1.0422712564468384,0.01577750956256493,0.5962170379874171,6.418237654301527,6.418237654301527,5.004486116998833,-1.4137515373026945,5.004486116998833,0.007112264633178711,0.004859852000663523,0.0017300700001214864,4.896999598713592e-06
3.0321600437164307,7.38714599609375,-3.8050684928894043,-0.19480045612976854,0.0,0.0,4.0071563720703125,10.23466968536377,0.0011915640267983634,0.0,0.0,-0.04526042938232422,1.1077098846435547,0.01966118077613756,0.577702992132921,6.102024794824079,6.102024794824079,3.9106295401017337,-2.191395254722345,3.9106295401017337,0.0066127777099609375,0.005575140001383261,0.001750560999425943,4.976000127498992e-06
3.03950834274292,7.357666015625,-4.156496047973633,-0.16434827157172438,0.0,0.0,4.0758819580078125,9.890010833740234,0.0005039889947460344,0.0,0.0,-0.03771209716796875,1.0524122714996338,0.023816519340673147,0.5524593584191314,5.743547421485263,5.743547421485263,3.2931493454802965,-2.4503980760049666,3.2931493454802965,0.007348299026489258,0.005120736999742803,0.0021060999988549156,4.90400088892784e-06
3.046757221221924,7.32733154296875,-4.2840681076049805,-0.12820776551782434,0.0,0.0,4.1443023681640625,9.267141342163086,0.000211196098757452,0.0,0.0,-0.030307292938232422,1.044455885887146,0.02771695034448431,0.522943841928102,5.351777904578234,5.351777904578234,2.56674667353136,-2.7850312310468737,2.56674667353136,0.007248878479003906,0.004844438000873197,0.0017851039992820006,4.66900019091554e-06
3.05340838432312,7.2977294921875,-4.5179009437561035,-0.09289747250833522,0.0,0.0,4.2036285400390625,9.12259578704834,8.74741119502797e-05,0.0,0.0,-0.023148536682128906,1.0301363468170166,0.031094330988048757,0.4920408236570507,4.949660579937938,4.949660579937938,1.8590227521537974,-3.090637827784141,1.8590227521537974,0.006651163101196289,0.004827187000046251,0.0017761729995982023,5.16399995831307e-06
3.060034990310669,7.2677001953125,-4.4663405418396,-0.07663667985527654,0.0,0.0,4.2654571533203125,8.85092544555664,4.362204290899069e-05,0.0,0.0,-0.01678752899169922,0.9352677464485168,0.03424337840664953,0.4578353311653202,4.541005622731018,4.541005622731018,1.5332688368958118,-3.007736785835206,1.5332688368958118,0.006626605987548828,0.004745766000269214,0.00214908700036176,4.8790006985655054e-06
3.066953659057617,7.2353515625,-4.625235557556152,-0.05489648599613719,0.0,0.0,4.3263702392578125,8.168936729431152,1.9864067042241047e-05,0.0,0.0,-0.01102447509765625,0.8826090097427368,0.0372776587654264,0.4187404619700424,4.104035155103093,4.104035155103093,1.0981734508066916,-3.005861704296401,1.0981734508066916,0.006918668746948242,0.005319185000189464,0.0018070159985654755,5.24300048709847e-06
3.0741024017333984,7.20306396484375,-4.54701566696167,-0.012600199497050622,0.0,0.0,4.384918212890625,7.825222492218018,3.032703307886082e-06,0.0,0.0,-0.004820823669433594,0.9006824493408203,0.04011678579875741,0.37502637730241745,3.6182213679521995,3.6182213679521995,0.25204120102454386,-3.3661801669276556,0.25204120102454386,0.00714874267578125,0.005132623999088537,0.001800948000891367,5.00599890074227e-06
3.0810580253601074,7.171142578125,-4.589317798614502,0.018549588333917073,0.0,0.0,4.4396820068359375,7.752754211425781,-3.093305179304559e-06,0.0,0.0,0.0012249946594238281,0.84195876121521,0.04256885980794631,0.3295869811607132,3.12307386648686,3.12307386648686,-0.3710297213431173,-3.494103587829977,-0.3710297213431173,0.006955623626708984,0.004942432999087032,0.0020120009994570864,4.976000127498992e-06
3.0880348682403564,7.13946533203125,-4.4276323318481445,0.03122114161637603,0.0,0.0,4.487213134765625,7.207207202911377,-3.742050656981106e-06,0.0,0.0,0.005977153778076172,0.7176327705383301,0.04470189025863272,0.2814813742727854,2.6319926162890797,2.6319926162890797,-0.624468747059507,-3.2564613633485866,-0.624468747059507,0.0069768428802490234,0.004731113000161713,0.0018937120003101882,5.001000317861326e-06
3.0946826934814453,7.10931396484375,-4.485658645629883,0.0866243366390347,0.0,0.0,4.533294677734375,6.769473075866699,-7.712869019936222e-06,0.0,0.0,0.011563301086425781,0.7940160632133484,0.04641506208761924,0.23362705038377765,2.1157753185088546,2.1157753185088546,-1.7325813692103842,-3.8483566877192388,-1.7325813692103842,0.006647825241088867,0.0049173009992955485,0.001935891999892192,4.831999831367284e-06
3.101557493209839,7.07977294921875,-4.252046585083008,0.1269645516159641,0.0,0.0,4.5785675048828125,6.359279632568359,-8.651315568135317e-06,0.0,0.0,0.01656341552734375,0.7466228604316711,0.04784610349723267,0.1824290713360356,1.5792407080669861,1.5792407080669861,-2.5393971834305447,-4.118637891497531,-2.5393971834305447,0.006874799728393555,0.004659402000470436,0.0017952439993678126,5.3940002544550225e-06
3.108036756515503,7.05218505859375,-4.234477996826172,0.1534801622362999,0.0,0.0,4.617767333984375,5.9565958976745605,-8.22040458121886e-06,0.0,0.0,0.021062850952148438,0.6605015993118286,0.048868297227545876,0.13292436098998658,1.067512176366952,1.067512176366952,-3.0697041085858876,-4.1372162849528396,-3.0697041085858876,0.0064792633056640625,0.004558581000310369,0.0018463359992892947,4.784000338986516e-06
3.1144659519195557,7.0267333984375,-3.921783685684204,0.21287998791544221,0.0,0.0,4.6529541015625,5.309372425079346,-9.527527619713747e-06,0.0,0.0,0.025414466857910156,0.727776825428009,0.049562562455140735,0.08293081329833217,0.5363398411977245,0.5363398411977245,-4.257716660488224,-4.794056501685949,-4.257716660488224,0.006429195404052734,0.004497390998949413,0.0016970199994830182,4.520001311902888e-06
3.1206820011138916,7.003662109375,-3.7410991191864014,0.26727625877100214,0.0,0.0,4.684661865234375,5.102653980255127,-1.1901642894287987e-05,0.0,0.0,0.030082225799560547,0.7320741415023804,0.04992641009748822,0.03407682473166206,0.004654792745052566,0.004654792745052566,-5.3456712078481905,-5.350326000593243,-5.3456712078481905,0.0062160491943359375,0.004435636999915005,0.0017596939997019945,4.555999112199061e-06
3.126899242401123,6.981201171875,-3.4715662002563477,0.2906811124879121,0.0,0.0,4.7141265869140625,4.8164544105529785,-1.3782940839454751e-05,0.0,0.0,0.03392648696899414,0.6105289459228516,0.0499857603302701,-0.014994393331786737,-0.5079629328298971,-0.5079629328298971,-5.813791365596758,-5.3058284327668614,-5.813791365596758,0.006217241287231445,0.004200723999019829,0.0016456539997307118,4.494000677368604e-06
3.132767915725708,6.962646484375,-3.0465099811553955,0.34269919754252876,0.0,0.0,4.74029541015625,4.014959812164307,-1.997175410367816e-05,0.0,0.0,0.03780841827392578,0.6557167172431946,0.049761974290375835,-0.061235647718319845,-1.0104128266826895,-1.0104128266826895,-6.854229003048161,-5.843816176365472,-6.854229003048161,0.005868673324584961,0.004686377000325592,0.002174842000385979,4.71199928142596e-06
3.139650821685791,6.94329833984375,-2.6204099655151367,0.35168533202606606,0.0,0.0,4.76837158203125,4.121339321136475,-2.5322955385388625e-05,0.0,0.0,0.04165077209472656,0.4738176465034485,0.04915500015060114,-0.11502586015217067,-1.5541694630371823,-1.5541694630371823,-7.034017351630336,-5.479847888593153,-7.034017351630336,0.006882905960083008,0.004770577001181664,0.0018666359992494108,5.117999535286799e-06
3.1463117599487305,6.92828369140625,-2.0535457134246826,0.37166377851377935,0.0,0.0,4.7955474853515625,4.014021396636963,-3.428953670484259e-05,0.0,0.0,0.04417085647583008,0.40652570128440857,0.048217616826744025,-0.16626663096611877,-2.061367598147013,-2.061367598147013,-7.433696300787293,-5.372328702640281,-7.433696300787293,0.006660938262939453,0.004542806998870219,0.0018888360009441385,5.0529997679404914e-06
3.152766466140747,6.91766357421875,-1.4143515825271606,0.39117560270629076,0.0,0.0,4.818817138671875,3.4356915950775146,-4.7716583127280575e-05,0.0,0.0,0.046889305114746094,0.33805471658706665,0.04698706140819342,-0.21481366489281134,-2.5454372078968794,-2.5454372078968794,-7.824097533673376,-5.278660325776496,-7.824097533673376,0.0064547061920166016,0.004837938999116886,0.0019353080006112577,4.605999492923729e-06
3.159562349319458,6.91119384765625,-0.7710449695587158,0.40557554720733235,0.0,0.0,4.843475341796875,3.8109261989593506,-6.630420961764383e-05,0.0,0.0,0.048671722412109375,0.24808336794376373,0.045357750345383564,-0.26439431254537465,-3.023575533335751,-3.023575533335751,-8.112324492730892,-5.088748959395141,-8.112324492730892,0.0067958831787109375,0.004550581999865244,0.001780455999323749,5.088000762043521e-06
3.1659159660339355,6.9091796875,-0.12845474481582642,0.43166823920875486,0.0,0.0,4.8670806884765625,3.450913190841675,-9.901818790328418e-05,0.0,0.0,0.05018043518066406,0.2264748215675354,0.043535179521186754,-0.3090121749803863,-3.4616048471269956,-3.4616048471269956,-8.634579731265905,-5.1729748841389105,-8.634579731265905,0.006353616714477539,0.004731773000457906,0.0017878050002764212,4.813999112229794e-06
3.1724584102630615,6.91009521484375,0.3570921719074249,0.46853731209200744,0.0,0.0,4.8840789794921875,2.2620296478271484,-0.0001621174541890201,0.0,0.0,0.05173492431640625,0.232083261013031,0.04136871120460102,-0.35289575766936415,-3.9024672255586155,-3.9024672255586155,-9.372735413057143,-5.470268187498528,-9.372735413057143,0.0065424442291259766,0.004530133999651298,0.0017787750002753455,4.968998837284744e-06
3.1787896156311035,6.91485595703125,0.9073995351791382,0.4877879107106716,0.0,0.0,4.896331787109375,1.8147932291030884,-0.0002582987333502217,0.0,0.0,0.05283689498901367,0.157329723238945,0.03900595247024765,-0.3930956112478785,-4.302948656259555,-4.302948656259555,-9.758927523825012,-5.455978867565458,-9.758927523825012,0.006331205368041992,0.004688977998739574,0.001833930000429973,2.004899943131022e-05
3.185349702835083,6.92340087890625,1.504758358001709,0.4917860488198453,0.0,0.0,4.9084320068359375,1.8600558042526245,-0.0003864456993190629,0.0,0.0,0.0534214973449707,0.04525250196456909,0.03629766796071941,-0.43212225880240357,-4.67877006459444,-4.67877006459444,-9.840462641419107,-5.161692576824667,-9.840462641419107,0.006560087203979492,0.005062279999037855,0.0018647480010258732,4.9270001909462735e-06
3.192298412322998,6.9366455078125,2.1356379985809326,0.516569549884338,0.0,0.0,4.9210968017578125,1.91608464717865,-0.0006221285306044452,0.0,0.0,0.053689002990722656,0.04598265886306763,0.0331604970928329,-0.4702545821141685,-5.052356894621232,-5.052356894621232,-10.339024476589692,-5.28666758196846,-10.339024476589692,0.006948709487915039,0.004593031000695191,0.0018657069995242637,4.691999492933974e-06
3.1987786293029785,6.95294189453125,2.6648097038269043,0.5418462733669689,0.0,0.0,4.933319091796875,1.6313223838806152,-0.001031412325300224,0.0,0.0,0.0539250373840332,0.03819680213928223,0.03000662433896468,-0.5025923808789194,-5.380677277670195,-5.380677277670195,-10.849580833293665,-5.468903555623471,-10.849580833293665,0.006480216979980469,0.005226261000643717,0.0019720519994734786,4.993000402464531e-06
3.2059991359710693,6.9754638671875,3.302760362625122,0.5441295088676872,0.0,0.0,4.9413299560546875,0.89150071144104,-0.0015756302622334237,0.0,0.0,0.05368518829345703,-0.06980495899915695,0.026259193488986657,-0.5346920196255008,-5.694387807669647,-5.694387807669647,-10.901923064006432,-5.2075352563367865,-10.901923064006432,0.00722050666809082,0.005269445999147138,0.0019698340001923498,5.068000973551534e-06
3.2132887840270996,7.003662109375,4.1555914878845215,0.5298528111530193,0.0,0.0,4.945037841796875,0.2810150384902954,-0.0021501969996589286,0.0,0.0,0.05238819122314453,-0.19922155141830444,0.022256827480590553,-0.56263580976894,-5.949585404620565,-5.949585404620565,-10.623439008331616,-4.673853603711051,-10.623439008331616,0.0072896480560302734,0.004953988000124809,0.0019009389998245751,4.94699997943826e-06
3.220179557800293,7.0338134765625,4.6470417976379395,0.5429215722274461,0.0,0.0,4.9439239501953125,-0.19677580893039703,-0.0031048601149005544,0.0,0.0,0.051423072814941406,-0.17414475977420807,0.01830128395551255,-0.5847162097086778,-6.166785500474533,-6.166785500474533,-10.896527887675584,-4.729742387201051,-10.896527887675584,0.006890773773193359,0.004617654998583021,0.002184740000302554,4.905999958282337e-06
3.227004289627075,7.0699462890625,5.495954513549805,0.5280448120863037,0.0,0.0,4.94287109375,-0.239132359623909,-0.003945556022538728,0.0,0.0,0.04943037033081055,-0.2844284176826477,0.01424837964485257,-0.6022666547322232,-6.323132957831068,-6.323132957831068,-10.609307972062762,-4.286175014231694,-10.609307972062762,0.0068247318267822266,0.005426474999694619,0.002120924998962437,5.011001121602021e-06
3.2345738410949707,7.114990234375,6.2511162757873535,0.5130356118966994,0.0,0.0,4.94073486328125,-0.364741712808609,-0.00467630773343614,0.0,0.0,0.0468754768371582,-0.35486072301864624,0.009631950833716417,-0.6165499313770625,-6.44374092822382,-6.44374092822382,-10.31809024693177,-3.874349318707952,-10.31809024693177,0.007569551467895508,0.0049483570001029875,0.0017887559988594148,4.98300141771324e-06
3.2413461208343506,7.15924072265625,6.733802318572998,0.4482033309554792,0.0,0.0,4.9390106201171875,-0.15532079339027405,-0.0040494487056816336,0.0,0.0,0.043704986572265625,-0.6049377918243408,0.005426681790269422,-0.6246069132364235,-6.468161973710643,-6.468161973710643,-9.01375310629462,-2.5455911325839775,-9.01375310629462,0.006772279739379883,0.004673739000281785,0.0017344949992548209,4.773000910063274e-06
3.247776508331299,7.2052001953125,7.395968437194824,0.42498820252314995,0.0,0.0,4.9360504150390625,-0.5293250679969788,-0.0035600179053974675,0.0,0.0,0.03962898254394531,-0.5975933074951172,0.0013968792417684874,-0.6280732788303426,-6.4485071560422345,-6.4485071560422345,-8.543445251755127,-2.094938095712893,-8.543445251755127,0.006430387496948242,0.0048244339996017516,0.0021186359990679193,4.802001058124006e-06
3.25474214553833,7.25958251953125,8.038694381713867,0.44377440599605805,0.0,0.0,4.9324798583984375,-0.43917304277420044,-0.003666409242580316,0.0,0.0,0.03616189956665039,-0.4587777256965637,-0.0029778147402691256,-0.6272032329490329,-6.425301907142499,-6.425301907142499,-8.920474736393414,-2.4951728292509148,-8.920474736393414,0.00696563720703125,0.004855278999457369,0.001977714000531705,5.160000000614673e-06
3.2615983486175537,7.31689453125,8.605541229248047,0.42788517390196523,0.0,0.0,4.9300537109375,-0.2907947301864624,-0.003333435683655976,0.0,0.0,0.03270578384399414,-0.5223742127418518,-0.007261683735804745,-0.6216567094242923,-6.353906698436621,-6.353906698436621,-8.598604529371485,-2.2446978309348644,-8.598604529371485,0.006856203079223633,0.004535933001534431,0.001978165999389603,4.936999175697565e-06
3.2681355476379395,7.37579345703125,9.23751449584961,0.45414363669637386,0.0,0.0,4.9299774169921875,0.042484644800424576,-0.0036210897201496024,0.0,0.0,0.02969980239868164,-0.3707081377506256,-0.011296519360532909,-0.6120723808761384,-6.274761128813644,-6.274761128813644,-9.12730328263986,-2.8525421538262155,-9.12730328263986,0.006537199020385742,0.005103049001263571,0.0021665259992005304,4.621000698534772e-06
3.2754263877868652,7.44512939453125,9.864874839782715,0.4406430023128316,0.0,0.0,4.9304656982421875,0.12315209209918976,-0.0034498395717821907,0.0,0.0,0.026957035064697266,-0.4258052408695221,-0.015705421734016515,-0.5965175162311958,-6.142434077581608,-6.142434077581608,-8.855189366154741,-2.7127552885731325,-8.855189366154741,0.007290840148925781,0.004579002999889781,0.0020852650013694074,4.6789991756668314e-06
3.2821123600006104,7.51483154296875,10.404004096984863,0.43352397326104575,0.0,0.0,4.93157958984375,0.14687474071979523,-0.0032700004559541177,0.0,0.0,0.02421855926513672,-0.4018758535385132,-0.01963363022276687,-0.5778509353439721,-5.982372751231541,-5.982372751231541,-8.710602170200945,-2.7282294189694034,-8.710602170200945,0.006685972213745117,0.005330678999598604,0.0020849940010521095,7.2549992182757705e-06
3.2895548343658447,7.5926513671875,10.857730865478516,0.38785467651479655,0.0,0.0,4.9321136474609375,0.11699046194553375,-0.002477133915274763,0.0,0.0,0.02095174789428711,-0.5193586349487305,-0.023842200006788546,-0.5522844112902209,-5.742364627358769,-5.742364627358769,-7.787487811464185,-2.045123184105416,-7.787487811464185,0.007442474365234375,0.004392931001348188,0.0018780219998006942,5.16199906996917e-06
3.2958528995513916,7.66357421875,11.418824195861816,0.3525402576017267,0.0,0.0,4.9338226318359375,0.2296954095363617,-0.001748875319636436,0.0,0.0,0.017591476440429688,-0.5386186242103577,-0.02724226139029719,-0.5268681025225244,-5.4909430087752495,-5.4909430087752495,-7.072263744912972,-1.5813207361377226,-7.072263744912972,0.006298065185546875,0.004628597000191803,0.0017690599997877143,4.8580004659015685e-06
3.3022732734680176,7.74078369140625,11.819327354431152,0.2978319477886784,0.0,0.0,4.9344940185546875,0.10410097241401672,-0.0010041709285276354,0.0,0.0,0.013533592224121094,-0.6279718279838562,-0.030532665749725785,-0.4975642221474367,-5.184065237918668,-5.184065237918668,-5.968960071460716,-0.7848948335420478,-5.968960071460716,0.0064203739166259766,0.004862355999648571,0.0017694090001896257,5.111000064061955e-06
3.3089282512664795,7.824951171875,12.654321670532227,0.2313612765415612,0.0,0.0,4.934906005859375,0.08858886361122131,-0.0004546475858100288,0.0,0.0,0.008823394775390625,-0.7240006327629089,-0.03373337881352652,-0.4637755494912032,-4.816548278189752,-4.816548278189752,-4.632804028816483,0.18374424937326983,-4.632804028816483,0.006654977798461914,0.005057041000327445,0.0019794559993897565,4.88800105813425e-06
3.315988063812256,7.912353515625,12.834746360778809,0.16666496772480344,0.0,0.0,4.934783935546875,-0.11715147644281387,-0.0001839379567283875,0.0,0.0,0.0035686492919921875,-0.7747001647949219,-0.036870590640772846,-0.42439361942305637,-4.387393772355466,-4.387393772355466,-3.3355562619405323,1.0518375104149338,-3.3355562619405323,0.007059812545776367,0.00485803300034604,0.002076663000480039,5.026999133406207e-06
3.3229455947875977,8.00445556640625,13.365727424621582,0.1163714667269599,0.0,0.0,4.93365478515625,-0.12945984303951263,-7.641384963244791e-05,0.0,0.0,-0.0016970634460449219,-0.7589775919914246,-0.03967872928636887,-0.3823148536788311,-3.9334034366405706,-3.9334034366405706,-2.3283669277861985,1.605036508854372,-2.3283669277861985,0.006957530975341797,0.004652609000913799,0.0018591949992696755,4.662999344873242e-06
3.329493761062622,8.092529296875,13.31131362915039,0.06901797053969583,0.0,0.0,4.933349609375,-0.01431111991405487,-2.840118354635717e-05,0.0,0.0,-0.006907463073730469,-0.7512568235397339,-0.04204510776875,-0.34003793452945,-3.4734502005250913,-3.4734502005250913,-1.3807078915736177,2.0927423089514736,-1.3807078915736177,0.006548166275024414,0.0050973519992112415,0.0019208700014132774,4.941999577567913e-06
3.336533784866333,8.1888427734375,13.660276412963867,0.024678814323138128,0.0,0.0,4.933868408203125,0.0850200355052948,-6.6687180859493465e-06,0.0,0.0,-0.010721206665039062,-0.7292256355285645,-0.044271435645160846,-0.29202687607176314,-2.979650241126757,-2.979650241126757,-0.4936581112245513,2.485992129902206,-0.4936581112245513,0.0070400238037109375,0.004667502000302193,0.0020250090001354693,5.203999535297044e-06
3.343249797821045,8.28106689453125,13.607460021972656,-0.0376145412418481,0.0,0.0,4.93463134765625,0.06505247950553894,6.961186512992218e-06,0.0,0.0,-0.016365528106689453,-0.780755877494812,-0.046072792691135456,-0.24409112289422286,-2.4536545530219502,-2.4536545530219502,0.7523762381684076,3.206030791190358,0.7523762381684076,0.006716012954711914,0.004982344000382,0.00220526399971277,5.113999577588402e-06
3.3504602909088135,8.37884521484375,13.866496086120605,-0.10321304440819123,0.0,0.0,4.9345550537109375,-0.14377984404563904,1.358659339565554e-05,0.0,0.0,-0.022220611572265625,-0.8065507411956787,-0.047641400426676174,-0.19070143966409075,-1.8716524349220052,-1.8716524349220052,2.064427594831252,3.936080029753257,2.064427594831252,0.007210493087768555,0.005015975999413058,0.0017632540002523456,5.126999894855544e-06
3.3572678565979004,8.4696044921875,13.597513198852539,-0.14283013909184547,0.0,0.0,4.9320068359375,-0.43023231625556946,1.3836921906038511e-05,0.0,0.0,-0.026806354522705078,-0.7260833382606506,-0.04876381214107797,-0.1388516430996525,-1.320369377453424,-1.320369377453424,2.856772560019801,4.177141937473225,2.856772560019801,0.006807565689086914,0.00435374500011676,0.0021635379998770077,5.343999873730354e-06
3.363809108734131,8.55987548828125,13.660433769226074,-0.1720290131064696,0.0,0.0,4.9287109375,-0.3004804849624634,1.2646798676106071e-05,0.0,0.0,-0.03132343292236328,-0.6407361626625061,-0.04950640217658742,-0.08806878278691306,-0.784900645146078,-0.784900645146078,3.4407354375732666,4.225636082719345,3.4407354375732666,0.006541252136230469,0.004602507000527112,0.001805317000616924,4.610999894794077e-06
3.3702385425567627,8.64599609375,13.302634239196777,-0.2073865008271898,0.0,0.0,4.9285430908203125,0.0018640757771208882,1.2149130101827664e-05,0.0,0.0,-0.03579902648925781,-0.6026756763458252,-0.049910523296070486,-0.03757253257197003,-0.2513912685674913,-0.2513912685674913,4.147879085624796,4.3992703541922875,4.147879085624796,0.006429433822631836,0.0050462340004742146,0.0018015129990089918,4.958999852533452e-06
3.377110242843628,8.7379150390625,12.927987098693848,-0.256232095837013,0.0,0.0,4.92962646484375,0.13178730010986328,1.40832833535404e-05,0.0,0.0,-0.040328025817871094,-0.6047859191894531,-0.04998242079790796,0.01665985692423749,0.3206473471469115,0.3206473471469115,5.124814717762998,4.804167370616087,5.124814717762998,0.006871700286865234,0.005050760999438353,0.001970643001186545,4.963998435414396e-06
3.3841567039489746,8.82806396484375,12.949917793273926,-0.3100792324521161,0.0,0.0,4.9307861328125,0.03558540344238281,1.8790170449574547e-05,0.0,0.0,-0.04471778869628906,-0.6047970056533813,-0.04966935736976234,0.07213899980552707,0.9090521328473946,0.9090521328473946,6.201815203280962,5.292763070433567,6.201815203280962,0.00704646110534668,0.0049393959998269565,0.0022468909992312547,1.9814000552287325e-05
3.39138126373291,8.91888427734375,12.27539348602295,-0.33144201838346143,0.0,0.0,4.93115234375,-0.07874376326799393,2.3319618760918034e-05,0.0,0.0,-0.048520565032958984,-0.46198877692222595,-0.04894434895945925,0.12842972472883143,1.4845022440908888,1.4845022440908888,6.629126497960766,5.144624253869877,6.629126497960766,0.007224559783935547,0.005198654000196257,0.0020696270003099926,5.022000550525263e-06
3.398671865463257,9.00604248046875,11.917784690856934,-0.4016906067603914,0.0,0.0,4.931182861328125,0.09061538428068161,3.957300360108625e-05,0.0,0.0,-0.0522618293762207,-0.5632674098014832,-0.04780406313409625,0.18416124300621994,2.078495916285684,2.078495916285684,8.03429769353421,5.955801777248527,8.03429769353421,0.00729060173034668,0.005083744999865303,0.00188780600001337,5.137000698596239e-06
3.4056663513183594,9.086181640625,11.209668159484863,-0.45768372090682125,0.0,0.0,4.931182861328125,-0.0008106935420073569,7.172374595888826e-05,0.0,0.0,-0.05580854415893555,-0.5529290437698364,-0.04633306955352713,0.23618314408735516,2.644953423816838,2.644953423816838,9.154554464099089,6.509601040282251,9.154554464099089,0.006994485855102539,0.004555729999992764,0.001793552000890486,4.920999344903976e-06
3.412038564682007,9.15557861328125,10.660967826843262,-0.523235996768268,0.0,0.0,4.93048095703125,-0.11304624378681183,0.0001503927601348536,0.0,0.0,-0.05970144271850586,-0.6012181043624878,-0.04468120122910228,0.28199962025828446,3.1754290360747577,3.1754290360747577,10.46656524530562,7.291136209230863,10.46656524530562,0.006372213363647461,0.005175790000066627,0.002066028999252012,5.048999810242094e-06
3.419304609298706,9.2298583984375,9.954583168029785,-0.5738002982175386,0.0,0.0,4.930267333984375,-0.013908818364143372,0.0003293983141579256,0.0,0.0,-0.06367158889770508,-0.5610863566398621,-0.042448898561844924,0.33202125506427105,3.7426031399437725,3.7426031399437725,11.480047661456904,7.737444521513132,11.480047661456904,0.007266044616699219,0.004807389001143747,0.0017901009996421635,5.161000444786623e-06
3.4259250164031982,9.29315185546875,9.291755676269531,-0.6498701457810849,0.0,0.0,4.93115234375,0.1848577857017517,0.0007493287025923782,0.0,0.0,-0.06800413131713867,-0.6602241396903992,-0.04010650089334344,0.375200048629611,4.275148928047411,4.275148928047411,13.00659713283119,8.73144820478378,13.00659713283119,0.0066204071044921875,0.005039310000938713,0.001931029999468592,4.944000465911813e-06
3.432917833328247,9.35443115234375,8.342812538146973,-0.6877137587629003,0.0,0.0,4.9289398193359375,-0.4560858905315399,0.0014854230417057138,0.0,0.0,-0.07216501235961914,-0.5689889788627625,-0.03733142147306468,0.41798343670576765,4.793710200342849,4.793710200342849,13.772501224849032,8.978791024506183,13.772501224849032,0.006992816925048828,0.004573022000840865,0.0019128889998683007,5.02299917570781e-06
3.4394261837005615,9.4052734375,7.358739376068115,-0.6687695302143991,0.0,0.0,4.925933837890625,-0.4149065613746643,0.0025412998828907964,0.0,0.0,-0.07486867904663086,-0.31637972593307495,-0.0344892851109071,0.45491115791373093,5.213226619083002,5.213226619083002,13.406572197942303,8.1933455788593,13.406572197942303,0.006508350372314453,0.004822763001357089,0.0020045450000907294,5.079999027657323e-06
3.4462757110595703,9.451904296875,6.400152206420898,-0.689556733162676,0.0,0.0,4.9234771728515625,-0.19749116897583008,0.004356650664109586,0.0,0.0,-0.07730293273925781,-0.32013994455337524,-0.031249523538723692,0.49048578952403293,5.6252888441742,5.6252888441742,13.844590499621624,8.219301655447424,13.844590499621624,0.006849527359008789,0.00494573400101217,0.002249316999950679,4.921999789075926e-06
3.453493356704712,9.49200439453125,5.270142078399658,-0.6731174176943767,0.0,0.0,4.9246063232421875,0.20200152695178986,0.006720421752688414,0.0,0.0,-0.07902908325195312,-0.14121517539024353,-0.027585774966709428,0.5240379984073552,5.99240879096732,5.99240879096732,13.544807516495146,7.5523987255278255,13.544807516495146,0.0072176456451416016,0.005109370000354829,0.0017920009995577857,5.207999492995441e-06
3.4604175090789795,9.52294921875,4.014769077301025,-0.697888570863584,0.0,0.0,4.9260711669921875,0.038483649492263794,0.010518224978783717,0.0,0.0,-0.08032846450805664,-0.19358202815055847,-0.023857472850875125,0.5521802507504308,6.321811038603808,6.321811038603808,14.086829392468253,7.765018353864445,14.086829392468253,0.006924152374267578,0.0048579710000922205,0.0018310199993720744,4.88600016979035e-06
3.4671292304992676,9.5447998046875,2.9905664920806885,-0.6834414343651034,0.0,0.0,4.926055908203125,0.20653894543647766,0.01492187086422523,0.0,0.0,-0.08077430725097656,-0.04961489140987396,-0.020070979577164985,0.5754733412326659,6.583041631133836,6.583041631133836,13.851919127349333,7.268877496215497,13.851919127349333,0.006711721420288086,0.004053692000525189,0.0017314249998889863,4.51300002168864e-06
3.4729366302490234,9.5587158203125,2.0756239891052246,-0.6920034127084531,0.0,0.0,4.9291534423828125,0.6221994161605835,0.02109110097792874,0.0,0.0,-0.08103609085083008,-0.06526390463113785,-0.01667851842367984,0.592331714721336,6.790011516337546,6.790011516337546,14.098854769229206,7.30884325289166,14.098854769229206,0.005807399749755859,0.00410348100012925,0.0016983509995043278,3.730001481017098e-06
3.4787585735321045,9.5665283203125,1.1321824789047241,-0.6992775134167656,0.0,0.0,4.93182373046875,0.3812848925590515,0.02877548920626182,0.0,0.0,-0.08141660690307617,-0.0578482411801815,-0.013188456438575847,0.6060671590359549,6.972872793509904,6.972872793509904,14.338623755519881,7.365750962009978,14.338623755519881,0.005821943283081055,0.003838475999145885,0.0016301729992846958,3.779001417569816e-06
3.484245777130127,9.568603515625,0.18317538499832153,-0.6785867173043053,0.0,0.0,4.933929443359375,0.4008501172065735,0.03658663195226112,0.0,0.0,-0.08130455017089844,0.056899551302194595,-0.009834136225454777,0.6160457027041837,7.101710195334078,7.101710195334078,14.020650075550481,6.918939880216402,14.020650075550481,0.005487203598022461,0.0038571380009670975,0.0015119429990591016,3.711000317707658e-06
3.4896352291107178,9.56707763671875,-0.5147056579589844,-0.6644771994832359,0.0,0.0,4.93798828125,0.9510829448699951,0.045688478156035696,0.0,0.0,-0.08091115951538086,0.09473267942667007,-0.006493980104992474,0.6229965295682578,7.197558468546472,7.197558468546472,13.850138813651142,6.652580345104671,13.850138813651142,0.00538945198059082,0.0037641509989043698,0.0016844380006659776,3.900999217876233e-06
3.495102882385254,9.56085205078125,-1.3336514234542847,-0.629486486546686,0.0,0.0,4.9473724365234375,2.1359200477600098,0.05387181392269529,0.0,0.0,-0.07988119125366211,0.21386797726154327,-0.0030750080194831856,0.6271291699526097,7.246988037168291,7.246988037168291,13.250733582729408,6.0037455455611175,13.250733582729408,0.005467653274536133,0.004383266999866464,0.0017124039986811113,4.7339999582618475e-06
3.5012197494506836,9.54449462890625,-2.364745616912842,-0.550619273869615,0.0,0.0,4.9745635986328125,4.05004358291626,0.05484030461111447,0.0,0.0,-0.07685089111328125,0.48453235626220703,0.0007663611734477578,0.6282447229009912,7.215260442747319,7.215260442747319,11.685272650517987,4.470012207770669,11.685272650517987,0.0061168670654296875,0.006765293001080863,0.001981925999643863,4.921999789075926e-06
3.50999116897583,9.524169921875,-3.0897626876831055,-0.48308457566777296,0.0,0.0,5.0134429931640625,6.253911972045898,0.04459457487419181,0.0,0.0,-0.07265901565551758,0.6452348828315735,0.006261156696633907,0.62337278670202,7.11448731635757,7.11448731635757,10.208864211184624,3.0943768948270534,10.208864211184624,0.008771419525146484,0.004642408001018339,0.0018375069994363002,4.908999471808784e-06
3.516495704650879,9.500244140625,-3.9266505241394043,-0.4046537743243662,0.0,0.0,5.0674591064453125,8.773670196533203,0.026984127063060834,0.0,0.0,-0.06745147705078125,0.8425322771072388,0.010290489382923684,0.6148674968709006,6.934052551988392,6.934052551988392,8.424169070074885,1.4901165180864933,8.424169070074885,0.006504535675048828,0.0046518989984178916,0.0017526440005894983,5.136000254424289e-06
3.522922992706299,9.47296142578125,-4.362390518188477,-0.3117953519808656,0.0,0.0,5.1264801025390625,9.529083251953125,0.011557950364107011,0.0,0.0,-0.061281681060791016,1.054327368736267,0.014204578276250993,0.6024300190182078,6.681977065052999,6.681977065052999,6.37772238150465,-0.30425468354834906,6.37772238150465,0.006427288055419922,0.00454102299954684,0.0018175770001107594,5.171999873709865e-06
3.5293049812316895,9.44366455078125,-4.8971710205078125,-0.22086054445663086,0.0,0.0,5.1894073486328125,10.035172462463379,0.0036634861153480337,0.0,0.0,-0.05361223220825195,1.1998100280761719,0.017999503741481283,0.5861936266845514,6.364679092551302,6.364679092551302,4.462161639013065,-1.9025174535382376,4.462161639013065,0.006381988525390625,0.004686416999902576,0.0018313769996893825,4.941999577567913e-06
3.535858154296875,9.410400390625,-5.146883964538574,-0.15392506674991302,0.0,0.0,5.2563934326171875,10.018526077270508,0.0011584821871874788,0.0,0.0,-0.04526853561401367,1.2260277271270752,0.021775594805424552,0.5656016441833011,6.004809793932468,6.004809793932468,3.0927158403621684,-2.9120939535702997,3.0927158403621684,0.006553173065185547,0.005016088998672785,0.001775665001332527,4.9439986469224095e-06
3.5426723957061768,9.37396240234375,-5.460638999938965,-0.10251921500756189,0.0,0.0,5.3240814208984375,9.690810203552246,0.00037888596716208894,0.0,0.0,-0.03750181198120117,1.2159881591796875,0.025545246062680937,0.5401259991978477,5.615397331114522,5.615397331114522,2.0550332077236626,-3.5603641233908596,2.0550332077236626,0.006814241409301758,0.0046539920003851876,0.0018927499986602925,4.593999619828537e-06
3.549241542816162,9.33746337890625,-5.477460861206055,-0.04300033363274486,0.0,0.0,5.3874053955078125,9.197460174560547,8.378880342503869e-05,0.0,0.0,-0.028893470764160156,1.2605502605438232,0.0290023943512156,0.5118172022035444,5.187518304823862,5.187518304823862,0.8610347561324794,-4.326483548691383,0.8610347561324794,0.0065691471099853516,0.004724505000922363,0.0017853299996204441,4.428000465850346e-06
3.555772304534912,9.30169677734375,-5.738533020019531,0.01928440280157153,0.0,0.0,5.444427490234375,9.066276550292969,-2.1121763746835553e-05,0.0,0.0,-0.021451473236083984,1.3069822788238525,0.03224358673871599,0.4802180801939063,4.737803630110871,4.737803630110871,-0.38594721877678406,-5.123750848887655,-0.38594721877678406,0.00653076171875,0.004350541999883717,0.002009362000535475,4.970999725628644e-06
3.562155246734619,9.266357421875,-5.499782085418701,0.0038938467010859214,0.0,0.0,5.4991302490234375,8.616692543029785,-2.5394032838788872e-06,0.0,0.0,-0.013686656951904297,1.0281060934066772,0.0352018379102754,0.4462089073995008,4.306624375943429,4.306624375943429,-0.07790809234421925,-4.384532468287648,-0.07790809234421925,0.006382942199707031,0.004509143000177573,0.0023566990003018873,4.978001015842892e-06
3.5690457820892334,9.22637939453125,-5.507400035858154,0.057812530639515594,0.0,0.0,5.561279296875,7.948185443878174,-2.3643989858474613e-05,0.0,0.0,-0.0066165924072265625,1.1326565742492676,0.038140732280928444,0.4062815754026753,3.8171366761792775,3.8171366761792775,-1.1565407230953166,-4.973677399274594,-1.1565407230953166,0.006890535354614258,0.005063247999714804,0.0019393319998926017,4.646000888897106e-06
3.576070547103882,9.18902587890625,-5.490189075469971,0.07469077107962555,0.0,0.0,5.613494873046875,8.124692916870117,-2.007137329783339e-05,0.0,0.0,0.0003037452697753906,1.0024410486221313,0.04084254801114725,0.36244477451692264,3.3139211199846352,3.3139211199846352,-1.4940616961114968,-4.807982816096132,-1.4940616961114968,0.0070247650146484375,0.004666431001169258,0.0021079289999761386,5.289999535307288e-06
3.58286714553833,9.151611328125,-5.260769844055176,0.09705895870852344,0.0,0.0,5.667938232421875,7.956534385681152,-1.7872940024383774e-05,0.0,0.0,0.007079601287841797,0.933100163936615,0.043154070773917724,0.3173415842850344,2.8069536072123853,2.8069536072123853,-1.9413984740480634,-4.748352081260449,-1.9413984740480634,0.006796598434448242,0.005096250000860891,0.002070608999929391,5.063999196863733e-06
3.5900561809539795,9.1138916015625,-5.258622646331787,0.09493345344188227,0.0,0.0,5.7247467041015625,7.77435827255249,-1.2440701005334343e-05,0.0,0.0,0.012639999389648438,0.7579106688499451,0.04525637115816533,0.2671235827022022,2.2917472906811045,2.2917472906811045,-1.8988217154757439,-4.190569006156848,-1.8988217154757439,0.007189035415649414,0.005040837999331416,0.0018613259999256115,4.945000910083763e-06
3.5969865322113037,9.07769775390625,-4.962944507598877,0.09007434517724916,0.0,0.0,5.7775421142578125,7.613440990447998,-8.690912324230786e-06,0.0,0.0,0.016760826110839844,0.6144999265670776,0.04693377582100336,0.21664535452481928,1.80247578141177,1.80247578141177,-1.801593540506014,-3.604069321917784,-1.801593540506014,0.006930351257324219,0.005119151999679161,0.001903365999169182,5.000001692678779e-06
3.604032039642334,9.0435791015625,-4.825897693634033,0.09703040913648145,0.0,0.0,5.825408935546875,6.842678546905518,-7.107337383629116e-06,0.0,0.0,0.02097177505493164,0.5252884030342102,0.0482743290559115,0.16364732140477828,1.2967210172427988,1.2967210172427988,-1.940695389323291,-3.2374164065660898,-1.940695389323291,0.0070455074310302734,0.004556985999442986,0.002031735000855406,5.035999492974952e-06
3.6106436252593994,9.0130615234375,-4.560461044311523,0.1377253746807884,0.0,0.0,5.87432861328125,6.6446661949157715,-7.872530726245505e-06,0.0,0.0,0.02443552017211914,0.5670788288116455,0.049188532597323524,0.1127395081935137,0.8000551894908452,0.8000551894908452,-2.7546040890847996,-3.554659278575645,-2.7546040890847996,0.00661158561706543,0.005248665000181063,0.0021024300003773533,4.985000487067737e-06
3.6180179119110107,8.9791259765625,-4.389179706573486,0.17739211383329898,0.0,0.0,5.91961669921875,6.183743476867676,-8.111588485485693e-06,0.0,0.0,0.02902698516845703,0.5316661596298218,0.049807667906677705,0.05505765337208104,0.23347650438116405,0.23347650438116405,-3.5479418053590503,-3.7814183097402143,-3.5479418053590503,0.007374286651611328,0.0052697730006912025,0.0021757489994342905,4.805000571650453e-06
3.625486135482788,8.9488525390625,-3.9840481281280518,0.25514714216303114,0.0,0.0,5.96026611328125,5.314117431640625,-1.118584751398594e-05,0.0,0.0,0.03347969055175781,0.6411599516868591,0.04999906701850822,-0.003838348046131613,-0.3679352609089148,-0.3679352609089148,-5.103080092923367,-4.735144832014452,-5.103080092923367,0.007468223571777344,0.00511473299957288,0.0020975869992980734,4.94800042361021e-06
3.632720947265625,8.9208984375,-3.7865545749664307,0.29157549658953463,0.0,0.0,5.9981231689453125,4.961143970489502,-1.366792174419649e-05,0.0,0.0,0.037686824798583984,0.5309732556343079,0.04976484176666232,-0.0608665544049709,-0.9435611051550152,-0.9435611051550152,-5.831677636351967,-4.888116531196951,-5.831677636351967,0.007234811782836914,0.0053452660013135755,0.001818339998862939,4.950001311954111e-06
3.639906883239746,8.89605712890625,-3.2628061771392822,0.3687617364433715,0.0,0.0,6.0285797119140625,4.0923614501953125,-2.292731286631387e-05,0.0,0.0,0.04136848449707031,0.6359743475914001,0.04912529202552856,-0.11701287413262884,-1.5312214617228435,-1.5312214617228435,-7.375516045589709,-5.844294583866866,-7.375516045589709,0.007185935974121094,0.004945459999362356,0.0017710890006128466,4.751998858409934e-06
3.6466457843780518,8.8751220703125,-2.9476771354675293,0.4445558714320621,0.0,0.0,6.055938720703125,3.8455076217651367,-4.432849625480123e-05,0.0,0.0,0.04661846160888672,0.688679575920105,0.0481616551057864,-0.16880849456583735,-2.1133768304396323,-2.1133768304396323,-8.891661336570735,-6.778284506131103,-8.891661336570735,0.006738901138305664,0.005271763000564533,0.002033106999078882,4.940000508213416e-06
3.6539735794067383,8.8572998046875,-2.1817190647125244,0.4930462307891824,0.0,0.0,6.0808563232421875,3.387214183807373,-8.648165161249642e-05,0.0,0.0,0.050998687744140625,0.6143712401390076,0.04672236118053619,-0.2237452665318684,-2.708980646457061,-2.708980646457061,-9.861985740343284,-7.153005093886223,-9.861985740343284,0.0073277950286865234,0.005037574999732897,0.00212228200143727,5.647998477797955e-06
3.661158323287964,8.845458984375,-1.3322769403457642,0.5418137676544849,0.0,0.0,6.1034698486328125,3.150925874710083,-0.00018183213001447343,0.0,0.0,0.055162906646728516,0.5866513252258301,0.04492669043971119,-0.2757717119846278,-3.281062168776356,-3.281062168776356,-10.838506422169573,-7.557444253393218,-10.838506422169573,0.007184743881225586,0.004942764000588795,0.0017331509989162441,4.872999852523208e-06
3.6678593158721924,8.84033203125,-0.5247378945350647,0.5528294804305636,0.0,0.0,6.1258697509765625,3.5690011978149414,-0.0003434877285736852,0.0,0.0,0.058275699615478516,0.4288085997104645,0.042921739379306885,-0.32227884904874143,-3.7783626008548725,-3.7783626008548725,-11.060804181967898,-7.282441581113026,-11.060804181967898,0.006700992584228516,0.004541104999589152,0.0018736340007308172,5.280000550555997e-06
3.6742968559265137,8.83990478515625,0.1262044459581375,0.548502132488622,0.0,0.0,6.150848388671875,3.6575143337249756,-0.0005861715988462752,0.0,0.0,0.06046915054321289,0.27584612369537354,0.04070894987713558,-0.36481050453336045,-4.215966104842292,-4.215966104842292,-10.977234939328657,-6.761268834486364,-10.977234939328657,0.006437540054321289,0.004911951000394765,0.0017832730009104125,4.5859997044317424e-06
3.681013584136963,8.84527587890625,1.0284922122955322,0.5390134448505153,0.0,0.0,6.174163818359375,3.5522007942199707,-0.0009137137303526614,0.0,0.0,0.0616307258605957,0.1390608549118042,0.03811660226578543,-0.4066390217110611,-4.624223870589449,-4.624223870589449,-10.791480108425395,-6.167256237835946,-10.791480108425395,0.006716728210449219,0.004689978999522282,0.0020597710008587455,4.937999619869515e-06
3.6877858638763428,8.85577392578125,1.7316415309906006,0.544518970927743,0.0,0.0,6.1979827880859375,3.5060298442840576,-0.001421748451362346,0.0,0.0,0.062325477600097656,0.08564577996730804,0.03522810523888025,-0.44588142788437746,-5.005638283925201,-5.005638283925201,-10.907824184828808,-5.902185900903606,-10.907824184828808,0.006772279739379883,0.004806483999345801,0.001795021000361885,4.969000656274147e-06
3.6944098472595215,8.87078857421875,2.651602268218994,0.5450968772320814,0.0,0.0,6.22015380859375,3.1390953063964844,-0.0021055691278384662,0.0,0.0,0.06246805191040039,0.005023046862334013,0.032156029760598774,-0.4811442842042644,-5.342509306945075,-5.342509306945075,-10.92777274866354,-5.585263441718464,-10.92777274866354,0.006623983383178711,0.004697742000644212,0.001746765999996569,4.543999239103869e-06
3.7008755207061768,8.88958740234375,3.0521974563598633,0.5634749064070742,0.0,0.0,6.2358551025390625,2.300098419189453,-0.0032712543452417947,0.0,0.0,0.06250190734863281,0.010005622170865536,0.02894244786734855,-0.5123527844627245,-5.650950392136938,-5.650950392136938,-11.309636218266146,-5.658685826129209,-11.309636218266146,0.0064656734466552734,0.004222961000778014,0.001753266000378062,5.79599873162806e-06
3.7068755626678467,8.91094970703125,3.6239256858825684,0.578428409042858,0.0,0.0,6.2467041015625,1.5413856506347656,-0.005074740002537947,0.0,0.0,0.06243324279785156,-0.011042268946766853,0.025788992034292565,-0.5382937841349675,-5.9144861131476905,-5.9144861131476905,-11.630834929353,-5.716348816205309,-11.630834929353,0.006000041961669922,0.004744601999846054,0.0018037760000879643,5.170999429537915e-06
3.7134480476379395,8.9390869140625,4.560271263122559,0.5834688156949668,0.0,0.0,6.2560577392578125,1.3497159481048584,-0.007564560765549167,0.0,0.0,0.0621185302734375,-0.071324922144413,0.022167175555311933,-0.5631944396024038,-6.16467269767586,-6.16467269767586,-11.762193010406822,-5.597520312730963,-11.762193010406822,0.0065724849700927734,0.0052852919998258585,0.0017558500003360678,4.606999937095679e-06
3.720510959625244,8.9735107421875,5.1023688316345215,0.5856640527527996,0.0,0.0,6.2662200927734375,1.4965064525604248,-0.010923870293310522,0.0,0.0,0.06150960922241211,-0.12178397923707962,0.018107349795363107,-0.5856688953898932,-6.390889252568131,-6.390889252568131,-11.847316273375469,-5.456427020807337,-11.847316273375469,0.0070629119873046875,0.005202674999964074,0.0018878500013670418,4.723999154521152e-06
3.727623224258423,9.01470947265625,6.042043685913086,0.5758245712046985,0.0,0.0,6.27545166015625,0.936911940574646,-0.014577614744779697,0.0,0.0,0.059729576110839844,-0.20029446482658386,0.013875188747640566,-0.6036410356906127,-6.560482247955671,-6.560482247955671,-11.695357862675753,-5.134875614720081,-11.695357862675753,0.007112264633178711,0.0055046899997250875,0.001703927000562544,4.334999175625853e-06
3.7348520755767822,9.06201171875,6.95499324798584,0.5459894982034335,0.0,0.0,6.2783203125,-0.06532778590917587,-0.016763491878759234,0.0,0.0,0.05787181854248047,-0.33500099182128906,0.009460346858308289,-0.6169693612159665,-6.674680362242311,-6.674680362242311,-11.125476980980817,-4.450796618738507,-11.125476980980817,0.007228851318359375,0.00625473900072393,0.002435508999042213,4.875000740867108e-06
3.7435648441314697,9.12860107421875,7.989746570587158,0.5323651251843682,0.0,0.0,6.275360107421875,-0.4381539821624756,-0.018762818928752055,0.0,0.0,0.05460643768310547,-0.35970339179039,0.004038922298434172,-0.6262652370859056,-6.7489154069865265,-6.7489154069865265,-10.877521140844209,-4.128605733857683,-10.877521140844209,0.0087127685546875,0.005642007999995258,0.002277736000905861,5.1650004024850205e-06
3.751507043838501,9.1949462890625,8.809181213378906,0.4857710570188869,0.0,0.0,6.2711639404296875,-0.6494573354721069,-0.016895177610729735,0.0,0.0,0.05114126205444336,-0.5249685645103455,-0.0009468469701019654,-0.6282058606925792,-6.733815865801175,-6.733815865801175,-9.922723933142246,-3.1889080673410706,-9.922723933142246,0.00794219970703125,0.005506804000106058,0.002137243000106537,4.908000846626237e-06
3.7591748237609863,9.26556396484375,9.551154136657715,0.4705372382165624,0.0,0.0,6.2668914794921875,-0.4984835088253021,-0.015437733987648793,0.0,0.0,0.047589778900146484,-0.5007038712501526,-0.005751948781703922,-0.6241471106350303,-6.672443397984363,-6.672443397984363,-9.600164813254718,-2.9277214152703546,-9.600164813254718,0.0076677799224853516,0.005041499000071781,0.0017399699991074158,5.092000719741918e-06
3.7659802436828613,9.33148193359375,10.131662368774414,0.4331319437134715,0.0,0.0,6.2627105712890625,-0.6328787803649902,-0.012034722026665383,0.0,0.0,0.04372596740722656,-0.5962781310081482,-0.009973335522432562,-0.6156922205424967,-6.553309490902271,-6.553309490902271,-8.810304175206419,-2.256994684304148,-8.810304175206419,0.006805419921875,0.0046365510006580735,0.0019881659991369816,1.9999000869574957e-05
3.772642135620117,9.4027099609375,10.700602531433105,0.37629265324184846,0.0,0.0,6.259552001953125,-0.4625247120857239,-0.007584436954358743,0.0,0.0,0.03871774673461914,-0.7332441806793213,-0.014035293419297318,-0.6030562553906169,-6.367215396689041,-6.367215396689041,-7.618913640961744,-1.2516982442727034,-7.618913640961744,0.006661891937255859,0.005227784000453539,0.002010554999287706,5.064001015853137e-06
3.779902696609497,9.48504638671875,11.355270385742188,0.362468465856092,0.0,0.0,6.25640869140625,-0.328473836183548,-0.005237346010412888,0.0,0.0,0.03415632247924805,-0.6451575756072998,-0.01834936965703221,-0.5844781802628027,-6.153049020664286,-6.153049020664286,-7.313631231358429,-1.1605822106941435,-7.313631231358429,0.007260560989379883,0.004691793999882066,0.00213168600021163,5.174999387236312e-06
3.7867491245269775,9.56494140625,12.075660705566406,0.3442568635868171,0.0,0.0,6.2564849853515625,0.19338257610797882,-0.0034875170264102385,0.0,0.0,0.03007030487060547,-0.6253743767738342,-0.022278153664420017,-0.5625025103571267,-5.915073529359573,-5.915073529359573,-6.927928891691227,-1.0128553623316547,-6.927928891691227,0.006846427917480469,0.004867186999035766,0.0018248260003019823,4.685000021709129e-06
3.7934629917144775,9.64959716796875,12.276219367980957,0.3222426984133952,0.0,0.0,6.2591400146484375,0.4385722577571869,-0.0022209626052700345,0.0,0.0,0.02552175521850586,-0.6162640452384949,-0.02597099981516128,-0.5369101762558582,-5.641076578368123,-5.641076578368123,-6.472105043178511,-0.8310284648103886,-6.472105043178511,0.0067138671875,0.005118569000842399,0.0020615909998014104,4.879999323748052e-06
3.8006653785705566,9.739013671875,12.739194869995117,0.32180158913342144,0.0,0.0,6.2623748779296875,0.42548105120658875,-0.0015643842547719508,0.0,0.0,0.021555423736572266,-0.5039482712745667,-0.029726456815871785,-0.505214636697067,-5.338289179880881,-5.338289179880881,-6.455226681499507,-1.1169375016186254,-6.455226681499507,0.0072023868560791016,0.004759718000059365,0.0018343259998800931,5.664000127580948e-06
3.807283639907837,9.82745361328125,13.462632179260254,0.29637076858924394,0.0,0.0,6.2659149169921875,0.5811578035354614,-0.000977032592529017,0.0,0.0,0.01797962188720703,-0.5244597792625427,-0.032963498787502286,-0.4724366679604597,-5.020098581244243,-5.020098581244243,-5.939403501754261,-0.9193049205100179,-5.939403501754261,0.0066182613372802734,0.0049547230009920895,0.001990777998798876,4.706000254373066e-06
3.814251184463501,9.92083740234375,13.906413078308105,0.2256230982493196,0.0,0.0,6.2700347900390625,0.592826247215271,-0.0004273539406483421,0.0,0.0,0.013299942016601562,-0.682328462600708,-0.03612474668292937,-0.43440448765936696,-4.620051428266985,-4.620051428266985,-4.517705571619983,0.10234585664700169,-4.517705571619983,0.0069675445556640625,0.004990124998585088,0.002051448000202072,5.091000275569968e-06
3.8213298320770264,10.0218505859375,14.097329139709473,0.160080578503191,0.0,0.0,6.2744903564453125,0.484357625246048,-0.00017091635545332326,0.0,0.0,0.008441925048828125,-0.7370138168334961,-0.03905286288082333,-0.3923594217950155,-4.172434844529446,-4.172434844529446,-3.2037087032595135,0.9687261412699331,-3.2037087032595135,0.007078647613525391,0.004613668999809306,0.0018790630001603859,5.128000339027494e-06
3.8278448581695557,10.11505126953125,14.497566223144531,0.133618892751317,0.0,0.0,6.27734375,0.3888397812843323,-8.516273272606063e-05,0.0,0.0,0.0037012100219726562,-0.6285762190818787,-0.04147543267800095,-0.350912042661606,-3.740672937429841,-3.740672937429841,-2.673422796532155,1.067250140897686,-2.673422796532155,0.006515026092529297,0.00518770100097754,0.002128062998963287,4.655999873648398e-06
3.8351821899414062,10.22540283203125,14.722846984863281,0.0540347204896659,0.0,0.0,6.279998779296875,0.31130334734916687,-2.164699899550454e-05,0.0,0.0,-0.0011572837829589844,-0.7699421048164368,-0.043870367062322335,-0.3014333889392885,-3.2165343613991952,-3.2165343613991952,-1.0809600171429494,2.135574344256246,-1.0809600171429494,0.007337331771850586,0.005216569999902276,0.0019591580003179843,4.531999366008677e-06
3.842378616333008,10.32806396484375,14.984271049499512,-0.017314897426181475,0.0,0.0,6.2802581787109375,-0.00926816277205944,4.567236193390616e-06,0.0,0.0,-0.0062770843505859375,-0.8078804612159729,-0.04585738839311995,-0.2504146709586072,-2.6649362981678553,-2.6649362981678553,0.3463539882315225,3.011290286399378,0.3463539882315225,0.0071964263916015625,0.004340387999036466,0.0017526960000395775,5.04200033901725e-06
3.848494052886963,10.421875,15.046808242797852,-0.0641001023105508,0.0,0.0,6.2802276611328125,-0.06541340798139572,1.1607806393487964e-05,0.0,0.0,-0.010808467864990234,-0.760725736618042,-0.047251932150638255,-0.20543418280394204,-2.168853888355194,-2.168853888355194,1.2821444732833251,3.4509983616385194,1.2821444732833251,0.006115436553955078,0.004479257000639336,0.001755613000568701,4.640000042854808e-06
3.8547511100769043,10.516845703125,15.106971740722656,-0.14646836704384988,0.0,0.0,6.2792510986328125,-0.1119520515203476,1.8907206571508743e-05,0.0,0.0,-0.016387939453125,-0.8799938559532166,-0.04839003058993129,-0.15815911421592718,-1.6210127288497176,-1.6210127288497176,2.929599331141673,4.550612059991391,2.929599331141673,0.006257057189941406,0.004630449999240227,0.0017228480010089697,4.697998519986868e-06
3.861126184463501,10.61248779296875,15.088658332824707,-0.19311013184202708,0.0,0.0,6.279052734375,-0.06899572163820267,1.8381522340590746e-05,0.0,0.0,-0.02153778076171875,-0.8056723475456238,-0.049242031365985074,-0.10898915957332565,-1.0689750393849748,-1.0689750393849748,3.8624281769919544,4.931403216376929,3.8624281769919544,0.00637507438659668,0.0045855870012019295,0.001783582998541533,4.941000952385366e-06
3.8675179481506348,10.71014404296875,14.90201473236084,-0.26677971821744767,0.0,0.0,6.2786865234375,-0.10223415493965149,2.3396204736411622e-05,0.0,0.0,-0.02726602554321289,-0.8793846964836121,-0.049779158238142586,-0.05898891165961362,-0.48826273980048107,-0.48826273980048107,5.335881434345712,5.824144174146193,5.335881434345712,0.006391763687133789,0.004745803000332671,0.0017034779993991833,4.208000973449089e-06
3.873988151550293,10.80352783203125,14.651653289794922,-0.29594503828612406,0.0,0.0,6.27813720703125,-0.03671328350901604,2.622026347533052e-05,0.0,0.0,-0.032491207122802734,-0.7408783435821533,-0.04999595810686721,-0.007989019851247881,0.0793877633529491,0.0793877633529491,5.919222486746711,5.8398347233937615,5.919222486746711,0.006470203399658203,0.004773726999701466,0.001745351000863593,5.126999894855544e-06
3.8805296421051025,10.8992919921875,14.151966094970703,-0.36030871600644726,0.0,0.0,6.2778778076171875,-0.0642622783780098,3.8775287595955135e-05,0.0,0.0,-0.03776121139526367,-0.8016014099121094,-0.04987933563643343,0.04362517677308361,0.6673696221425739,0.6673696221425739,7.206650090528884,6.53928046838631,7.206650090528884,0.00654149055480957,0.004579298998578452,0.0017814740003814222,4.761999662150629e-06
3.8869128227233887,10.9876708984375,13.745682716369629,-0.4150826591262329,0.0,0.0,6.27642822265625,-0.23065099120140076,6.230302964039073e-05,0.0,0.0,-0.04231452941894531,-0.7892268300056458,-0.049440786194040916,0.09370895202135962,1.2386409174969186,1.2386409174969186,8.302417636876054,7.063776719379136,8.302417636876054,0.006383180618286133,0.004543396000372013,0.0016095640003186418,4.421999619808048e-06
3.8930869102478027,11.06842041015625,13.428653717041016,-0.4662190396575033,0.0,0.0,6.2755584716796875,-0.09351138025522232,0.00010938708479533937,0.0,0.0,-0.047850608825683594,-0.7690813541412354,-0.04871406775674038,0.1415821265788393,1.8029195016649497,1.8029195016649497,9.325722965969607,7.522803464304657,9.325722965969607,0.0061740875244140625,0.005337380000128178,0.002057338999293279,4.67000063508749e-06
3.900503635406494,11.16766357421875,12.553126335144043,-0.4876562367881499,0.0,0.0,6.273651123046875,-0.3650246262550354,0.00018194632435878362,0.0,0.0,-0.05292510986328125,-0.6143792867660522,-0.04745408770990814,0.1979391098931712,2.4163898731300004,2.4163898731300004,9.755357206000474,7.338967332870474,9.755357206000474,0.007416725158691406,0.00533003300006385,0.0021529919995373348,5.461999535327777e-06
3.908010244369507,11.25750732421875,11.944297790527344,-0.5245643827371643,0.0,0.0,6.272857666015625,0.0005455903592519462,0.0003305107042370746,0.0,0.0,-0.05709695816040039,-0.5759503245353699,-0.045759464853042796,0.2532276080781105,3.0140224206464232,3.0140224206464232,10.495343000807445,7.481320580161022,10.495343000807445,0.007506608963012695,0.00459732000126678,0.002027888998782146,4.7699995775474235e-06
3.914658546447754,11.33306884765625,11.168487548828125,-0.5382888413638267,0.0,0.0,6.273193359375,0.10876575857400894,0.0005656391982278114,0.0,0.0,-0.06039619445800781,-0.45386213064193726,-0.04391828653966301,0.30032945058186417,3.5218086470560626,3.5218086470560626,10.772717185536825,7.250908538480762,10.772717185536825,0.00664830207824707,0.004675076999774319,0.0019091650010523153,4.920999344903976e-06
3.921287775039673,11.4051513671875,10.353199005126953,-0.564834705577597,0.0,0.0,6.2729949951171875,-0.015042874962091446,0.0010160073522168655,0.0,0.0,-0.06357192993164062,-0.41779112815856934,-0.04177733243707054,0.3452104591613992,4.010647481956192,4.010647481956192,11.30916045943159,7.298512977475398,11.30916045943159,0.006629228591918945,0.005292330999509431,0.002133301999492687,4.9340014811605215e-06
3.9287469387054443,11.47802734375,9.51750373840332,-0.593293584866579,0.0,0.0,6.274169921875,0.269733726978302,0.001881867110456217,0.0,0.0,-0.06617069244384766,-0.370706170797348,-0.03902272297234507,0.3928326830868548,4.518077771584548,4.518077771584548,11.888962091324332,7.370884319739784,11.888962091324332,0.007459163665771484,0.00491408099878754,0.002117641999575426,4.840001565753482e-06
3.9358010292053223,11.54119873046875,8.576671600341797,-0.6475448681099252,0.0,0.0,6.2762451171875,0.3348989188671112,0.0034772704919038945,0.0,0.0,-0.06908464431762695,-0.43834540247917175,-0.036102057056383044,0.43470225177228583,4.996381037550179,4.996381037550179,12.99356325780362,7.997182220253441,12.99356325780362,0.00705409049987793,0.0046565280008508125,0.002127206998920883,4.657000317820348e-06
3.9426066875457764,11.5968017578125,7.687325954437256,-0.698141724423199,0.0,0.0,6.278289794921875,0.2700992226600647,0.006021387577836365,0.0,0.0,-0.07227468490600586,-0.46214160323143005,-0.03301528079811327,0.4718653314126715,5.445803674738919,5.445803674738919,14.036716544631902,8.590912869892984,14.036716544631902,0.0068056583404541016,0.005231336999713676,0.002145305999874836,4.6080003812676296e-06
3.950004816055298,11.64898681640625,6.555529594421387,-0.7473831602892232,0.0,0.0,6.2798309326171875,0.268673837184906,0.009874207217278854,0.0,0.0,-0.07538652420043945,-0.4780309796333313,-0.029386814461795918,0.5083427194510776,5.897304554354047,5.897304554354047,15.068819122557862,9.171514568203815,15.068819122557862,0.007398128509521484,0.004841955000301823,0.0018509719993744511,5.403999239206314e-06
3.956721305847168,11.6881103515625,5.680680274963379,-0.7680492931388547,0.0,0.0,6.279876708984375,-0.18519599735736847,0.014894755176439687,0.0,0.0,-0.07845067977905273,-0.3984927833080292,-0.025871979017909847,0.537664572405962,6.277221554069391,6.277221554069391,15.54374359499878,9.266522040929388,15.54374359499878,0.006716489791870117,0.005094538999401266,0.002259955999761587,4.768000508192927e-06
3.9640984535217285,11.7232666015625,3.9719462394714355,-0.7634505377041108,0.0,0.0,6.277557373046875,-0.19413813948631287,0.020914235437819728,0.0,0.0,-0.08090734481811523,-0.2613736093044281,-0.02180013425605274,0.5654523489683179,6.623276662526125,6.623276662526125,15.52562713981592,8.902350477289795,15.52562713981592,0.007377147674560547,0.0048704569999244995,0.0017439490002288949,4.953999450663105e-06
3.970735549926758,11.7449951171875,3.042886734008789,-0.7417670451458829,0.0,0.0,6.2784576416015625,0.235569030046463,0.027729609455480933,0.0,0.0,-0.08177423477172852,-0.12392201274633408,-0.017975742301059684,0.5863087551010686,6.874593730259539,6.874593730259539,15.175581509724868,8.300987779465329,15.175581509724868,0.006637096405029297,0.005089112000860041,0.001921080000101938,5.16399995831307e-06
3.9777698516845703,11.7606201171875,1.7489725351333618,-0.7262965274608157,0.0,0.0,6.280517578125,0.2613559365272522,0.03591731005149444,0.0,0.0,-0.08221912384033203,-0.05420459061861038,-0.013786654912654914,0.6039612835156083,7.089163735442304,7.089163735442304,14.96663374002118,7.877470004578877,14.96663374002118,0.0070343017578125,0.005353110998839838,0.001952728000105708,5.33800084667746e-06
3.9851014614105225,11.76702880859375,0.37961429357528687,-0.6940994062180896,0.0,0.0,6.28436279296875,0.8449491858482361,0.044154377340800466,0.0,0.0,-0.0821375846862793,0.07524273544549942,-0.00930643723581663,0.6173388929375742,7.247439922992714,7.247439922992714,14.423759625462365,7.176319702469651,14.423759625462365,0.0073316097259521484,0.005028551000577863,0.002397439000560553,4.674999217968434e-06
3.99255108833313,11.76519775390625,-0.7521140575408936,-0.6660576233065402,0.0,0.0,6.2975006103515625,2.141900062561035,0.0531483670474712,0.0,0.0,-0.08107185363769531,0.14700955152511597,-0.004673457411836561,0.6255678630853206,7.345315268822947,7.345315268822947,13.973279669150958,6.627964400328012,13.973279669150958,0.007449626922607422,0.005219593998845085,0.001920352000524872,1.6977999621303752e-05
3.999724864959717,11.75506591796875,-1.7415302991867065,-0.6142618942335007,0.0,0.0,6.3161468505859375,3.212556838989258,0.06010562594354688,0.0,0.0,-0.07928228378295898,0.30646228790283203,-0.00017287209984175934,0.6283147752766719,7.3667453162586,7.3667453162586,13.022730227517181,5.655984911258582,13.022730227517181,0.007173776626586914,0.0045181180012150435,0.0018625999982759822,4.807001459994353e-06
4.00612735748291,11.73980712890625,-2.605196237564087,-0.5559855345446331,0.0,0.0,6.3479766845703125,5.836849689483643,0.06453948823476101,0.0,0.0,-0.07707023620605469,0.4488401412963867,0.003846129137586129,0.6264568660457037,7.321966880026263,7.321966880026263,11.911606252035575,4.589639372009312,11.911606252035575,0.006402492523193359,0.004707662999862805,0.001791762999346247,5.309000698616728e-06
4.012650489807129,11.7200927734375,-3.199188470840454,-0.4411107518250735,0.0,0.0,6.392578125,7.125157356262207,0.04116942386906231,0.0,0.0,-0.07203149795532227,0.8504314422607422,0.007915100608904442,0.6203958988430661,7.156067916599719,7.156067916599719,9.32736134163071,2.1712934250309894,9.32736134163071,0.00652313232421875,0.004778033000548021,0.0018128989995602751,4.813000487047248e-06
4.019271373748779,11.69610595703125,-3.857954502105713,-0.32441829677652073,0.0,0.0,6.452484130859375,9.574983596801758,0.017041285489392505,0.0,0.0,-0.06536054611206055,1.1323728561401367,0.011990552877765868,0.609983932021075,6.899575242229799,6.899575242229799,6.697461463002396,-0.20211377922740326,6.697461463002396,0.006620883941650391,0.004673809999076184,0.0017910059996211203,4.811001417692751e-06
4.0257580280303955,11.66790771484375,-4.457779407501221,-0.23449783732011273,0.0,0.0,6.5227508544921875,10.947161674499512,0.005554684756473683,0.0,0.0,-0.05726337432861328,1.2324845790863037,0.01590311398865799,0.5956898371789019,6.585497970543179,6.585497970543179,4.758112387584277,-1.8273855829589019,4.758112387584277,0.006486654281616211,0.00468674799958535,0.0017365530002280138,4.866000381298363e-06
4.032202959060669,11.6387939453125,-4.6965813636779785,-0.1593022313717838,0.0,0.0,6.591766357421875,10.885237693786621,0.0016522342323277983,0.0,0.0,-0.049338340759277344,1.2887539863586426,0.019685970238642624,0.5775696658916886,6.237062710797388,6.237062710797388,3.206317440101768,-3.03074527069562,3.206317440101768,0.0064449310302734375,0.004476289999729488,0.0016808730015327455,4.162999175605364e-06
4.0383806228637695,11.60797119140625,-5.0420050621032715,-0.08582685148868731,0.0,0.0,6.6562042236328125,10.593289375305176,0.00042332040381383787,0.0,0.0,-0.041312217712402344,1.3596817255020142,0.02319112933215254,0.556645045571253,5.856176254419696,5.856176254419696,1.7217311451578352,-4.13444510926186,1.7217311451578352,0.006177663803100586,0.004300134000004618,0.0016775349995441502,4.166000508121215e-06
4.044378757476807,11.57818603515625,-5.0108160972595215,-0.057109543410047814,0.0,0.0,6.7190093994140625,10.308717727661133,0.00014428837630077072,0.0,0.0,-0.033780574798583984,1.2540717124938965,0.026460953260451697,0.5331189913800372,5.477211509824191,5.477211509824191,1.143961277726075,-4.333250232098116,1.143961277726075,0.005998134613037109,0.004059181999764405,0.0016108609997900203,4.276000254321843e-06
4.050068378448486,11.54864501953125,-5.214481353759766,-0.028924823866003216,0.0,0.0,6.7756195068359375,9.834502220153809,4.0024171891591e-05,0.0,0.0,-0.02642536163330078,1.211600661277771,0.029424009918849553,0.5080028395360291,5.093913297901109,5.093913297901109,0.5789875714536912,-4.514925726447418,0.5789875714536912,0.0056896209716796875,0.004353956999693764,0.0016831990014907205,4.174999048700556e-06
4.056125640869141,11.5169677734375,-5.081577777862549,0.038006223628843164,0.0,0.0,6.8350982666015625,9.282255172729492,-3.0590207842102216e-05,0.0,0.0,-0.018294811248779297,1.3283045291900635,0.032412946836966765,0.4784142686497013,4.650942751311567,4.650942751311567,-0.7604998125503766,-5.411442563861944,-0.7604998125503766,0.006057262420654297,0.004476490001252387,0.0017793970000639092,4.449999323696829e-06
4.062402725219727,11.484375,-5.223788738250732,0.045517186186718725,0.0,0.0,6.8922576904296875,8.935552597045898,-2.2496325322053587e-05,0.0,0.0,-0.010811328887939453,1.145798921585083,0.035312094609260665,0.44483105572930437,4.210530349814009,4.210530349814009,-0.9106197522659265,-5.121150102079936,-0.9106197522659265,0.0062770843505859375,0.004404318000524654,0.0016397269992012298,4.257000910001807e-06
4.068467617034912,11.45477294921875,-4.983709812164307,0.04865153734779703,0.0,0.0,6.9467010498046875,8.840140342712402,-1.5503164922830845e-05,0.0,0.0,-0.004672050476074219,1.0249989032745361,0.03790482988368511,0.4097530768917308,3.78733724084269,3.78733724084269,-0.9732209698384247,-4.760558210681115,-0.9732209698384247,0.006064891815185547,0.00423482999940461,0.0016539810003450839,4.171999535174109e-06
4.074376344680786,11.42431640625,-5.096567153930664,0.062199142898838974,0.0,0.0,6.997222900390625,8.78123664855957,-1.3352330045070506e-05,0.0,0.0,0.0009717941284179688,0.967879056930542,0.04021928372343313,0.3732887330618883,3.3633119049975635,3.3633119049975635,-1.244146690247267,-4.607458595244831,-1.244146690247267,0.0059087276458740234,0.004035488998852088,0.0016561090014874935,4.089999492862262e-06
4.080087423324585,11.39691162109375,-4.793274402618408,0.07301606292269752,0.0,0.0,7.045318603515625,8.620179176330566,-1.0984873096582927e-05,0.0,0.0,0.006508827209472656,0.8893740773200989,0.04224580359586055,0.3360868898704025,2.942474730069004,2.942474730069004,-1.4604560421729236,-4.402930772241928,-1.4604560421729236,0.005711078643798828,0.004280548999304301,0.001695216000371147,4.161998731433414e-06
4.086082935333252,11.36810302734375,-4.854854583740234,0.07568481017435452,0.0,0.0,7.096405029296875,8.568486213684082,-8.268541959806698e-06,0.0,0.0,0.011294841766357422,0.775285005569458,0.044139065650225295,0.29517409077380974,2.5125462872749935,2.5125462872749935,-1.5137976579896621,-4.026343945264656,-1.5137976579896621,0.005995512008666992,0.004286997000235715,0.001576099999510916,4.027000613859855e-06
4.091965436935425,11.3402099609375,-4.582930088043213,0.11705166685921078,0.0,0.0,7.1475830078125,8.290572166442871,-9.58819879709206e-06,0.0,0.0,0.016189098358154297,0.8300392627716064,0.04575330455141723,0.2534033242370687,2.0607963456706067,2.0607963456706067,-2.3411509837952202,-4.401947329465827,-2.3411509837952202,0.0058825016021728516,0.004418317999807186,0.0016958449996309355,4.364001142675988e-06
4.098099946975708,11.31292724609375,-4.487501621246338,0.13405304264266915,0.0,0.0,7.19573974609375,7.94073486328125,-8.473862249994644e-06,0.0,0.0,0.020711898803710938,0.7267554998397827,0.047170390181304554,0.20837236177952442,1.596866617241906,1.596866617241906,-2.681164826623319,-4.278031443865225,-2.681164826623319,0.006134510040283203,0.00425803800135327,0.001711017999696196,4.169000021647662e-06
4.104089260101318,11.287353515625,-4.217065811157227,0.19776637912342143,0.0,0.0,7.2423553466796875,7.442139148712158,-9.900518815372328e-06,0.0,0.0,0.025440216064453125,0.8376203179359436,0.04828368055011784,0.16321107747886573,1.1068707563269595,1.1068707563269595,-3.9554490612268967,-5.062319817553856,-3.9554490612268967,0.0059893131256103516,0.004350958999566501,0.0016330520011251792,4.210998667986132e-06
4.110093116760254,11.26324462890625,-3.9615790843963623,0.2288316819104192,0.0,0.0,7.284881591796875,7.2607102394104,-1.0090197678673828e-05,0.0,0.0,0.030151844024658203,0.7504837512969971,0.049125292025528566,0.11701287413262838,0.6164348720492365,0.6164348720492365,-4.576757444314868,-5.1931923163641045,-4.576757444314868,0.006003856658935547,0.004275149000022793,0.0017147889993793797,4.1380008042324334e-06
4.116103172302246,11.23956298828125,-3.791175603866577,0.30305843859636283,0.0,0.0,7.3258209228515625,6.251218318939209,-1.476002720574067e-05,0.0,0.0,0.03512716293334961,0.8700659275054932,0.04968783969250867,0.07010028703698157,0.09366912830713026,0.09366912830713026,-6.061349876555544,-6.155019004862674,-6.061349876555544,0.0060100555419921875,0.00431942499926663,0.0016383019992645131,4.215000444673933e-06
4.122081279754639,11.21923828125,-3.3535661697387695,0.3340857605213943,0.0,0.0,7.3632354736328125,6.388187885284424,-1.9456558549464823e-05,0.0,0.0,0.039847373962402344,0.7585864067077637,0.04996637239086115,0.023040124724652365,-0.41594839838028114,-0.41594839838028114,-6.681953941207628,-6.266005542827347,-6.681953941207628,0.005978107452392578,0.004277000000001863,0.0017300489998888224,3.945999196730554e-06
4.128107786178589,11.20013427734375,-2.99592661857605,0.34980354018355353,0.0,0.0,7.4006195068359375,5.922942161560059,-2.5036079303464873e-05,0.0,0.0,0.04417562484741211,0.6367543935775757,0.04996187526798921,-0.024531859077329285,-0.9132568928033999,-0.9132568928033999,-6.99637799482816,-6.08312110202476,-6.99637799482816,0.006026506423950195,0.004702053000073647,0.00177631499900599,4.0240011003334075e-06
4.13460636138916,11.18255615234375,-2.5219597816467285,0.3790259794582928,0.0,0.0,7.4411773681640625,6.248083114624023,-3.552448916505382e-05,0.0,0.0,0.047946929931640625,0.5953047871589661,0.049636126763733635,-0.0756647042632212,-1.4351838421151522,-1.4351838421151522,-7.580955472468484,-6.145771630353332,-7.580955472468484,0.006498575210571289,0.004520493999734754,0.0018135629998141667,4.8700003389967605e-06
4.140961647033691,11.16912841796875,-1.8345012664794922,0.40525202822512896,0.0,0.0,7.4774322509765625,5.483632564544678,-5.221370242487836e-05,0.0,0.0,0.051697731018066406,0.5341562628746033,0.048997559515964836,-0.12518474443147357,-1.9416521761266419,-1.9416521761266419,-8.105681223428022,-6.16402904730138,-8.105681223428022,0.00635528564453125,0.004731364000690519,0.0016609269987384323,4.212000931147486e-06
4.147374868392944,11.1600341796875,-1.2785896062850952,0.4492041313272396,0.0,0.0,7.51129150390625,5.448613166809082,-8.746827985069855e-05,0.0,0.0,0.05483675003051758,0.5487874746322632,0.04803655989460316,-0.17434629575708502,-2.448625619953929,-2.448625619953929,-8.98515585697238,-6.53653023701845,-8.98515585697238,0.00641322135925293,0.0041615270001784666,0.0018741240000963444,4.354000338935293e-06
4.153431177139282,11.15509033203125,-0.6207399964332581,0.4846441722000556,0.0,0.0,7.5442962646484375,5.491919040679932,-0.0001515625271469696,0.0,0.0,0.05820178985595703,0.511394739151001,0.046842634865691214,-0.21973820221101198,-2.927174250225791,-2.927174250225791,-9.694743106910845,-6.767568856685053,-9.694743106910845,0.006056308746337891,0.004622676000508363,0.00161984999976994,4.2339997889939696e-06
4.159693956375122,11.154296875,0.011538625694811344,0.5020695259380661,0.0,0.0,7.578521728515625,5.283076763153076,-0.0002529169422166783,0.0,0.0,0.06097984313964844,0.40787988901138306,0.04532289217456499,-0.26533660039941603,-3.3926469858902033,-3.3926469858902033,-10.044493794125868,-6.651846808235665,-10.044493794125868,0.006262779235839844,0.004498126998441876,0.0016052660012064734,4.360999810160138e-06
4.165818214416504,11.15716552734375,0.6206907033920288,0.5092596299485659,0.0,0.0,7.611236572265625,5.292608261108398,-0.0004023427933923239,0.0,0.0,0.06312179565429688,0.29906028509140015,0.04356535310784599,-0.3083399191927473,-3.820304231419606,-3.820304231419606,-10.19012932036251,-6.369825088942904,-10.19012932036251,0.006124258041381836,0.004745459998957813,0.0016424940004071686,4.277000698493794e-06
4.172226667404175,11.16436767578125,1.3363120555877686,0.5212702932165088,0.0,0.0,7.643951416015625,5.076217174530029,-0.0006394605317420138,0.0,0.0,0.0646824836730957,0.23094692826271057,0.04145031674278588,-0.351380360301841,-4.239936055891974,-4.239936055891974,-10.433252005823746,-6.193315949931773,-10.433252005823746,0.0064084529876708984,0.004705747998741572,0.0016961590008577332,4.35499896411784e-06
4.178649187088013,11.17572021484375,1.9581758975982666,0.548165284394667,0.0,0.0,7.6767730712890625,5.099567890167236,-0.0010804474007061057,0.0,0.0,0.06605291366577148,0.22642815113067627,0.039061093551663595,-0.3922300197506545,-4.6460443812413335,-4.6460443812413335,-10.976562711214557,-6.3305183299732235,-10.976562711214557,0.006422519683837891,0.004411653000715887,0.0017509839999547694,4.219999027554877e-06
4.184831857681274,11.19061279296875,2.5966222286224365,0.5770634215729956,0.0,0.0,7.7055816650390625,4.682794094085693,-0.0018967562405646362,0.0,0.0,0.06736326217651367,0.21746137738227844,0.036520670258463755,-0.42914489471960704,-5.0232005443939025,-5.0232005443939025,-11.564541514165645,-6.541340969771743,-11.564541514165645,0.006182670593261719,0.004222740000841441,0.0018482359992049169,4.150999302510172e-06
4.190922498703003,11.208984375,3.1782150268554688,0.6013232127771012,0.0,0.0,7.731292724609375,3.8133740425109863,-0.003334251739010041,0.0,0.0,0.06859302520751953,0.18924416601657867,0.03380253795732025,-0.4629796850741896,-5.374945930654726,-5.374945930654726,-12.067375319823334,-6.692429389168609,-12.067375319823334,0.006090641021728516,0.004318104000049061,0.0016953409995039692,4.170000465819612e-06
4.196955919265747,11.231201171875,3.880218744277954,0.6168776856933096,0.0,0.0,7.7541961669921875,3.700732469558716,-0.005476229946390751,0.0,0.0,0.0695796012878418,0.13840699195861816,0.03091475354172636,-0.49382447210472286,-5.696534069515162,-5.696534069515162,-12.404746719341698,-6.708212649826535,-12.404746719341698,0.006033420562744141,0.0046012820002943045,0.0016546619990549516,4.268000338925049e-06
4.203231573104858,11.2581787109375,4.6106157302856445,0.6219162875783902,0.0,0.0,7.7759857177734375,3.6706628799438477,-0.008432716964723077,0.0,0.0,0.07021474838256836,0.06347650289535522,0.027722810007472662,-0.5228947907965225,-5.994312490273763,-5.994312490273763,-12.54179467137777,-6.547482181104008,-12.54179467137777,0.006275653839111328,0.004454028001418919,0.0017278029990848154,4.458001058083028e-06
4.209434270858765,11.2889404296875,5.2358717918396,0.623111128095623,0.0,0.0,7.7957305908203125,2.698979616165161,-0.0123696890000701,0.0,0.0,0.07035017013549805,0.0021209716796875,0.02439856269582668,-0.548433924035094,-6.252909814184644,-6.252909814184644,-12.6139978870629,-6.361088072878256,-12.6139978870629,0.00620269775390625,0.004513731000770349,0.0016474429994559614,4.37500057159923e-06
4.215616703033447,11.32574462890625,6.08941125869751,0.6161815572140427,0.0,0.0,7.8057098388671875,1.2098606824874878,-0.017238674958884655,0.0,0.0,0.0701446533203125,-0.07353968173265457,0.020937721038622695,-0.5705757550655493,-6.472709311183676,-6.472709311183676,-12.535148628433658,-6.062439317249982,-12.535148628433658,0.006182432174682617,0.00432103800085315,0.0016745439988881117,4.425000952323899e-06
4.221632957458496,11.36474609375,6.8009209632873535,0.5600602416338798,0.0,0.0,7.8077239990234375,-0.058250732719898224,-0.019692862119122474,0.0,0.0,0.06848764419555664,-0.32775548100471497,0.017448452546962874,-0.5888188146980032,-6.610603709697442,-6.610603709697442,-11.442835042722137,-4.832231333024694,-11.442835042722137,0.006016254425048828,0.004290760000003502,0.0016629849997116253,4.028001058031805e-06
4.227606296539307,11.40875244140625,7.419156551361084,0.5122856066351295,0.0,0.0,7.8017120361328125,-1.2846912145614624,-0.019270596302176497,0.0,0.0,0.06595277786254883,-0.4677874445915222,0.013885406699538014,-0.6036039320132089,-6.694675661273331,-6.694675661273331,-10.482161167079212,-3.78748550580588,-10.482161167079212,0.005973339080810547,0.004358098000011523,0.001761808000082965,4.135999915888533e-06
4.233746290206909,11.45819091796875,8.175384521484375,0.46038735689823795,0.0,0.0,7.7906036376953125,-1.9048117399215698,-0.015751163402785512,0.0,0.0,0.06251192092895508,-0.6158119440078735,0.010141647258340816,-0.6152578970327195,-6.7273835312041665,-6.7273835312041665,-9.401012946583062,-2.6736294153788966,-9.401012946583062,0.006139993667602539,0.004474882000067737,0.0017091890003939625,4.003000867669471e-06
4.23995041847229,11.51129150390625,8.863893508911133,0.4353846941141811,0.0,0.0,7.778106689453125,-2.098229169845581,-0.012657927018778716,0.0,0.0,0.058733463287353516,-0.6337324976921082,0.006297567801834954,-0.6233148649799963,-6.729803794850268,-6.729803794850268,-8.863005870240215,-2.1332020753899466,-8.863005870240215,0.006204128265380859,0.004121162999581429,0.0016586710007686634,4.244999217917211e-06
4.245750904083252,11.56512451171875,9.475421905517578,0.3877741784154317,0.0,0.0,7.7664794921875,-1.7764298915863037,-0.00842715295408736,0.0,0.0,0.05455446243286133,-0.7718701362609863,0.002668517245445081,-0.6274230433108717,-6.677037625587795,-6.677037625587795,-7.858884218049451,-1.181846592461656,-7.858884218049451,0.005800485610961914,0.004345310000644531,0.001600539999344619,4.171000909991562e-06
4.25171685218811,11.62335205078125,9.988372802734375,0.3542242315072438,0.0,0.0,7.7585906982421875,-1.189255714416504,-0.0053497583124414395,0.0,0.0,0.049996376037597656,-0.8149453997612,-0.0010786463613478834,-0.6281723067490574,-6.591523221457806,-6.591523221457806,-7.15012583643086,-0.5586026149730532,-7.15012583643086,0.0059659481048583984,0.004124893001062446,0.0016599179998593172,4.821999027626589e-06
4.2575225830078125,11.68194580078125,10.324413299560547,0.33255448909280666,0.0,0.0,7.7533111572265625,-0.793480396270752,-0.003389116416571512,0.0,0.0,0.04532003402709961,-0.8151335120201111,-0.004719541825834594,-0.6255132253581361,-6.479608029548247,-6.479608029548247,-6.692674032365174,-0.21306600281692645,-6.692674032365174,0.0058057308197021484,0.003951095000957139,0.0017118510004365817,4.27699887950439e-06
4.2632060050964355,11.7427978515625,10.749048233032227,0.314701023820798,0.0,0.0,7.75042724609375,-0.379727303981781,-0.0021335022329413127,0.0,0.0,0.040477752685546875,-0.8124698996543884,-0.008259544359537083,-0.6196864480652375,-6.342587255960044,-6.342587255960044,-6.3201984179237884,0.022388838036255854,-6.3201984179237884,0.005683422088623047,0.004347153000708204,0.0016475640004500747,4.065999746671878e-06
4.269220352172852,11.80865478515625,11.328889846801758,0.3110802358726469,0.0,0.0,7.7494659423828125,-0.12503665685653687,-0.00144439864713882,0.0,0.0,0.0358433723449707,-0.7549886107444763,-0.011959428073851527,-0.6100804145744378,-6.18890526706451,-6.18890526706451,-6.239327400239474,-0.050422133174963954,-6.239327400239474,0.006014347076416016,0.004229653999573202,0.001750981000441243,4.170999091002159e-06
4.275220632553101,11.8778076171875,11.663334846496582,0.3263494978120579,0.0,0.0,7.7501220703125,0.081575408577919,-0.0011256346812141228,0.0,0.0,0.031855106353759766,-0.6396013498306274,-0.015582632772002676,-0.5970258154297634,-6.031308252689236,-6.031308252689236,-6.540801424721969,-0.5094931720327326,-6.540801424721969,0.0060002803802490234,0.004208079999443726,0.0016581580002821283,4.183999408269301e-06
4.281107187271118,11.9456787109375,11.964885711669922,0.3332715522704204,0.0,0.0,7.752349853515625,0.49795112013816833,-0.000897015369675973,0.0,0.0,0.028243064880371094,-0.5867169499397278,-0.019051239398794623,-0.5809212108075017,-5.858952468628134,-5.858952468628134,-6.676437368962439,-0.817484900334305,-6.676437368962439,0.005886554718017578,0.004327157999796327,0.0017488449993834365,4.490000719670206e-06
4.287203311920166,12.019775390625,12.233112335205078,0.3500953103592919,0.0,0.0,7.756103515625,0.643863320350647,-0.0007910333022319244,0.0,0.0,0.025251388549804688,-0.4834887981414795,-0.022533270967194177,-0.5608955145714826,-5.675185938933089,-5.675185938933089,-7.011612137274332,-1.3364261983412429,-7.011612137274332,0.0060961246490478516,0.004176925000137999,0.0016954479997366434,4.202000127406791e-06
4.29309606552124,12.09454345703125,12.605677604675293,0.3642748854251721,0.0,0.0,7.7598876953125,0.6589805483818054,-0.0007323578272166833,0.0,0.0,0.02280712127685547,-0.40303367376327515,-0.025773718026084365,-0.5384092922585719,-5.484581889223478,-5.484581889223478,-7.294483694113238,-1.8099018048897588,-7.294483694113238,0.005892753601074219,0.00430838899956143,0.0016785859988885932,4.09800122724846e-06
4.299102544784546,12.1705322265625,13.041792869567871,0.3407460362115142,0.0,0.0,7.7649993896484375,0.9423559308052063,-0.0005761706525188938,0.0,0.0,0.02007770538330078,-0.46735092997550964,-0.028931208561123262,-0.5124530146587206,-5.249157068771097,-5.249157068771097,-6.821990302788622,-1.572833234017526,-6.821990302788622,0.006006479263305664,0.004058585998791386,0.0016317530007654568,4.07900006393902e-06
4.304812431335449,12.249267578125,13.613146781921387,0.3373346750342749,0.0,0.0,7.7710113525390625,1.013009786605835,-0.0004832695845751217,0.0,0.0,0.01780080795288086,-0.39461085200309753,-0.031780303842561634,-0.48507041686104246,-5.012088667183315,-5.012088667183315,-6.752623188839646,-1.7405345216563313,-6.752623188839646,0.00570988655090332,0.004337768001278164,0.0016507909986103186,4.7909998102113605e-06
4.310822486877441,12.33050537109375,13.930230140686035,0.30733888742695253,0.0,0.0,7.7763824462890625,0.8412814140319824,-0.000347820141042128,0.0,0.0,0.015383720397949219,-0.43857306241989136,-0.03460223955502101,-0.4535545971048593,-4.729161815056955,-4.729161815056955,-6.151045480330872,-1.4218836652739169,-6.151045480330872,0.0060100555419921875,0.0038816699998278636,0.0016469710008095717,4.13899942941498e-06
4.316372632980347,12.41021728515625,14.18737506866455,0.28173730369960936,0.0,0.0,7.7809600830078125,0.9580320119857788,-0.00023952144117633334,0.0,0.0,0.012821197509765625,-0.43026942014694214,-0.03703336816230183,-0.4221495683176695,-4.440295473305251,-4.440295473305251,-5.637684987380781,-1.1973895140755302,-5.637684987380781,0.0055501461029052734,0.004317454999181791,0.0016780940004537115,4.113000613870099e-06
4.322388648986816,12.49755859375,14.754857063293457,0.20653729235925014,0.0,0.0,7.788421630859375,1.1807749271392822,-0.00010929119747937722,0.0,0.0,0.009654045104980469,-0.6076921224594116,-0.0394648305842331,-0.3857951804314969,-4.074314650586972,-4.074314650586972,-4.1320868434730595,-0.05777219288608726,-4.1320868434730595,0.0060160160064697266,0.004281881998394965,0.0016975170001387596,3.990000550402328e-06
4.32838773727417,12.58929443359375,14.934992790222168,0.11096387756102613,0.0,0.0,7.7949371337890625,0.8546850681304932,-3.760026438888572e-05,0.0,0.0,0.005122661590576172,-0.7851296067237854,-0.041664968887168446,-0.34734829733717487,-3.6461513267597407,-3.6461513267597407,-2.219738904157798,1.426412422601943,-2.219738904157798,0.005999088287353516,0.004331594000177574,0.0017053299998224247,4.183000783086754e-06
4.334444999694824,12.67840576171875,15.432746887207031,0.07003004969728197,0.0,0.0,7.7974700927734375,0.11219000816345215,-1.5888175227422613e-05,0.0,0.0,-3.8623809814453125e-05,-0.6886445879936218,-0.043646274064028795,-0.3065274372578211,-3.203112328042388,-3.203112328042388,-1.4007959408809403,1.8023163871614476,-1.4007959408809403,0.006057262420654297,0.004509119999056566,0.0021111800015205517,4.170999091002159e-06
4.341085195541382,12.78277587890625,15.278326988220215,0.007149811188689709,0.0,0.0,7.7954254150390625,-0.35927531123161316,-1.1305413213357764e-06,0.0,0.0,-0.0036497116088867188,-0.7416611313819885,-0.04552745395024945,-0.259747499738926,-2.7148133496800035,-2.7148133496800035,-0.14301009544644838,2.571803254233555,-0.14301009544644838,0.006640195846557617,0.004470042000320973,0.0016242509991570842,4.209001417621039e-06
4.347200155258179,12.8760986328125,15.892708778381348,-0.11142431545592207,0.0,0.0,7.792327880859375,-0.5502113699913025,1.2730747215145324e-05,0.0,0.0,-0.009512901306152344,-0.999082624912262,-0.046979887095408006,-0.2150613118484826,-2.1763464964911288,-2.1763464964911288,2.22864251460574,4.404989011096869,2.22864251460574,0.006114959716796875,0.004401422998853377,0.0018719670006248634,4.547000571619719e-06
4.35349440574646,12.9759521484375,15.554235458374023,-0.16272819625473559,0.0,0.0,7.788970947265625,-0.4596942663192749,1.3878118077996721e-05,0.0,0.0,-0.015072822570800781,-0.8915489912033081,-0.048185245642102796,-0.16774203347489033,-1.632565586381218,-1.632565586381218,3.2547342087521063,4.887299795133324,3.2547342087521063,0.00629425048828125,0.004415811999933794,0.0016738880003686063,4.411000190884806e-06
4.359605073928833,13.07147216796875,15.62104606628418,-0.22073343621306896,0.0,0.0,7.7865753173828125,-0.36309003829956055,1.535885810446713e-05,0.0,0.0,-0.020465850830078125,-0.8927450776100159,-0.04906726122225026,-0.12079666900723059,-1.0890028911992433,-1.0890028911992433,4.414857176508055,5.503860067707298,4.414857176508055,0.006110668182373047,0.004337262000262854,0.0017921009985002456,4.130000888835639e-06
4.365755319595337,13.16552734375,15.21580982208252,-0.2609590649679372,0.0,0.0,7.7850799560546875,-0.17090976238250732,1.6974899023233124e-05,0.0,0.0,-0.025356292724609375,-0.8259841203689575,-0.049662980483869267,-0.07282899631725731,-0.5480463444849363,-0.5480463444849363,5.2193895803283485,5.7674359248132845,5.2193895803283485,0.006150245666503906,0.004347074000179418,0.0018952000009448966,4.010000338894315e-06
4.372018098831177,13.2620849609375,15.004841804504395,-0.2647770016851048,0.0,0.0,7.785797119140625,0.19363225996494293,1.638915832569472e-05,0.0,0.0,-0.029384613037109375,-0.6386055946350098,-0.04996490094614736,-0.02353863847957742,-0.028267949705804457,-0.028267949705804457,5.295741127669278,5.3240090773750826,5.295741127669278,0.006262779235839844,0.004560402001516195,0.0016193679985008202,4.202000127406791e-06
4.378219127655029,13.35186767578125,14.505900382995605,-0.3508430694554946,0.0,0.0,7.78521728515625,-0.011646150611341,2.660584969214652e-05,0.0,0.0,-0.03459501266479492,-0.8399602770805359,-0.04995909495170045,0.025410281517071438,0.5369270103033519,0.5369270103033519,7.017187841253346,6.4802608309499945,7.017187841253346,0.006201028823852539,0.00423450100061018,0.0017178889993374469,4.1309995140181854e-06
4.384191513061523,13.43646240234375,14.37081527709961,-0.35985018036488137,0.0,0.0,7.7851409912109375,-0.02687513828277588,3.3621670015857997e-05,0.0,0.0,-0.03869199752807617,-0.6294887661933899,-0.04966684152341323,0.07241201714371852,1.0474980865643013,1.0474980865643013,7.197416143126033,6.149918056561732,7.197416143126033,0.005972385406494141,0.004520129999946221,0.0018700190012168605,4.258999979356304e-06
4.3906028270721436,13.52716064453125,13.71669864654541,-0.40372156184151875,0.0,0.0,7.785064697265625,0.02654552273452282,5.16419389938812e-05,0.0,0.0,-0.04314279556274414,-0.6413742303848267,-0.04904198004882751,0.12240715323835945,1.5942286087168491,1.5942286087168491,8.075064880253597,6.480836271536749,8.075064880253597,0.006411314010620117,0.004667440000048373,0.0016616699995211093,4.203999196761288e-06
4.396953344345093,13.6123046875,13.295639991760254,-0.4564432220037773,0.0,0.0,7.785430908203125,0.14191776514053345,9.01612050207317e-05,0.0,0.0,-0.046347618103027344,-0.6640715599060059,-0.048109376791926964,0.1711463395210906,2.1273166022895325,2.1273166022895325,9.12997071252976,7.002654110240227,9.12997071252976,0.006350517272949219,0.0044945930003450485,0.0017309229988313746,4.220999471726827e-06
4.403198719024658,13.6915283203125,12.938480377197266,-0.4842770081953881,0.0,0.0,7.786590576171875,0.1302427053451538,0.00015325283822075598,0.0,0.0,-0.05037403106689453,-0.5676441192626953,-0.04689351486387564,0.2180177529742758,2.643823893880246,2.643823893880246,9.687420566830669,7.0435966729504225,9.687420566830669,0.00624537467956543,0.00434790500003146,0.001551983999888762,4.636000085156411e-06
4.409119129180908,13.76593017578125,12.238629341125488,-0.5398509716008697,0.0,0.0,7.7863006591796875,-0.10138839483261108,0.00030646936744894304,0.0,0.0,-0.053401947021484375,-0.6274501085281372,-0.04547423109907992,0.26121561557195855,3.13357331774698,3.13357331774698,10.800779792354097,7.667206474607117,10.800779792354097,0.00592041015625,0.004275606999726733,0.0016752620012994157,3.967999873566441e-06
4.415090560913086,13.83636474609375,11.428787231445312,-0.5786040639612212,0.0,0.0,7.7852783203125,-0.0010439741890877485,0.0006217223018689923,0.0,0.0,-0.057366371154785156,-0.58249431848526,-0.043787893321710264,0.30332115913459723,3.6211615542596163,3.6211615542596163,11.579709773725693,7.958548219466076,11.579709773725693,0.005971431732177734,0.00425042699862388,0.0017640280002524378,5.001000317861326e-06
4.4211273193359375,13.90386962890625,10.66415786743164,-0.6073404162412587,0.0,0.0,7.7857666015625,0.0252118781208992,0.0012311384419513567,0.0,0.0,-0.06006813049316406,-0.521554172039032,-0.041832638460710364,0.3441511978474069,4.0807335282992705,4.0807335282992705,12.161914317977573,8.081180789678301,12.161914317977573,0.0060367584228515625,0.00430974399932893,0.0017905280001286883,5.064001015853137e-06
4.4272496700286865,13.966796875,9.938949584960938,-0.6836439314152254,0.0,0.0,7.7859649658203125,-0.06711572408676147,0.0024535699335467604,0.0,0.0,-0.06391477584838867,-0.6704791784286499,-0.03960395726911071,0.3835371944716144,4.566732774717111,4.566732774717111,13.70298378086261,9.1362510061455,13.70298378086261,0.0061223506927490234,0.004684594001446385,0.0018736429992713965,4.8509991756873205e-06
4.4338297843933105,14.028076171875,9.05717945098877,-0.684064263998224,0.0,0.0,7.7859649658203125,0.19747675955295563,0.004105346071063613,0.0,0.0,-0.06739425659179688,-0.4458507001399994,-0.03694779804161776,0.4233319533549565,5.023300773385337,5.023300773385337,13.731657624393447,8.70835685100811,13.731657624393447,0.0065801143646240234,0.004766068001117674,0.001858205998360063,4.728000931208953e-06
4.440475225448608,14.08392333984375,8.009119987487793,-0.7362153556473493,0.0,0.0,7.7865753173828125,0.061838939785957336,0.007018005333609986,0.0,0.0,-0.0702357292175293,-0.5388749241828918,-0.03400908136817178,0.46058489240249695,5.471294976365321,5.471294976365321,14.810417607835753,9.339122631470431,14.810417607835753,0.0066454410552978516,0.004448734000106924,0.0016665990006003994,4.899000487057492e-06
4.446612119674683,14.13006591796875,7.181061744689941,-0.7410184319276096,0.0,0.0,7.78741455078125,0.2107909470796585,0.01071268143455001,0.0,0.0,-0.07285308837890625,-0.3988756239414215,-0.031084241152030935,0.49214148646162914,5.849962333958416,5.849962333958416,14.951812582531115,9.101850248572699,14.951812582531115,0.006136894226074219,0.004616210000676801,0.0015731959992990596,4.135999915888533e-06
4.452821254730225,14.1685791015625,5.9475884437561035,-0.7750327419875407,0.0,0.0,7.786529541015625,-0.24254709482192993,0.016299097264008834,0.0,0.0,-0.0756831169128418,-0.44188788533210754,-0.027936993871588635,0.521091551628691,6.2190290028580675,6.2190290028580675,15.700643763230584,9.481614760372516,15.700643763230584,0.006209135055541992,0.004585389000567375,0.001638918000026024,4.165000063949265e-06
4.459065914154053,14.20123291015625,4.957073211669922,-0.7595520082253894,0.0,0.0,7.786468505859375,0.2464643269777298,0.02238194927129484,0.0,0.0,-0.07746601104736328,-0.2625327706336975,-0.024600319896563742,0.547008824287514,6.527912671907889,6.527912671907889,15.465665308933986,8.937752637026096,15.465665308933986,0.006244659423828125,0.004370982000182266,0.0017095729999709874,3.954999556299299e-06
4.465167760848999,14.226318359375,3.783876419067383,-0.78125766781245,0.0,0.0,7.7896728515625,0.5809060335159302,0.031187594871221646,0.0,0.0,-0.07906723022460938,-0.31467050313949585,-0.021193542010440422,0.5690823219449662,6.813115890895382,6.813115890895382,16.007823231959943,9.19470734106456,16.007823231959943,0.006101846694946289,0.0042253609990439145,0.0016755830001784489,4.125000486965291e-06
4.471088647842407,14.2445068359375,2.8189945220947266,-0.7638150306187725,0.0,0.0,7.79364013671875,0.8172160983085632,0.04007174656525168,0.0,0.0,-0.0804910659790039,-0.17394107580184937,-0.017768541624681406,0.5873052892831233,7.0442382678342135,7.0442382678342135,15.767978484329438,8.723740216495225,15.767978484329438,0.005920886993408203,0.004096949998711352,0.00164013300127408,4.1339990275446326e-06
4.476845741271973,14.25634765625,1.693734884262085,-0.7342867321850642,0.0,0.0,7.8000946044921875,1.2551020383834839,0.04926199378246348,0.0,0.0,-0.08091211318969727,-0.04514329880475998,-0.014343839689174666,0.6019087235923951,7.217015891233367,7.217015891233367,15.290176285188792,8.073160393955424,15.290176285188792,0.00575709342956543,0.004362870000477415,0.001702671999737504,4.180999894742854e-06
4.482930660247803,14.2615966796875,0.5896851420402527,-0.716451473152892,0.0,0.0,7.810760498046875,1.9167224168777466,0.05997216030817733,0.0,0.0,-0.08093500137329102,-0.0009017512202262878,-0.010642928547863183,0.613919367772352,7.361450315261903,7.361450315261903,15.064884190747144,7.703433875485241,15.064884190747144,0.006084918975830078,0.004172954999376088,0.001692181000180426,4.145000275457278e-06
4.488815784454346,14.26116943359375,-0.36155569553375244,-0.6695342267967762,0.0,0.0,7.8259429931640625,3.018024206161499,0.06839756560086456,0.0,0.0,-0.08027982711791992,0.1674749255180359,-0.007004137960650931,0.622123183398149,7.443026577273569,7.443026577273569,14.229918469667481,6.786891892393912,14.229918469667481,0.005885124206542969,0.004582044000926544,0.0016464529999211663,4.131999958190136e-06
4.4950642585754395,14.2548828125,-1.3231257200241089,-0.5602998126561962,0.0,0.0,7.8550567626953125,5.571608543395996,0.06847669515588752,0.0,0.0,-0.07756567001342773,0.5519072413444519,-0.0030992297741233585,0.6271103409115427,7.42377332026963,7.42377332026963,12.046201101641417,4.622427781371787,12.046201101641417,0.00624847412109375,0.004279950999261928,0.0017100260010920465,3.954999556299299e-06
4.501073598861694,14.24334716796875,-2.089728355407715,-0.4593468490512821,0.0,0.0,7.8963165283203125,7.394162654876709,0.0478895481617183,0.0,0.0,-0.07285928726196289,0.8289339542388916,0.0006745415963027816,0.6282613503299335,7.314190324426935,7.314190324426935,9.774538798946146,2.460348474519212,9.774538798946146,0.006009340286254883,0.004394441999465926,0.0017379130003973842,4.437999450601637e-06
4.507226467132568,14.2281494140625,-2.626793146133423,-0.3766875657478228,0.0,0.0,7.954925537109375,10.120741844177246,0.02580482733417462,0.0,0.0,-0.06721162796020508,0.9937668442726135,0.004534285182321815,0.6257295835290341,7.145999039281669,7.145999039281669,7.850374963220622,0.7043759239389522,7.850374963220622,0.0061528682708740234,0.004315013000450563,0.0016145669997058576,4.031999196740799e-06
4.513176441192627,14.20965576171875,-3.0942349433898926,-0.2986084576199714,0.0,0.0,8.02606201171875,11.263880729675293,0.010905734350518803,0.0,0.0,-0.06026935577392578,1.1266703605651855,0.00824122343942344,0.6197249653505715,6.920552511105714,6.920552511105714,6.105981843813491,-0.8145706672922233,6.105981843813491,0.005949974060058594,0.00475642799938214,0.0017503969993413193,4.245001036906615e-06
4.5197038650512695,14.188232421875,-3.577625036239624,-0.23260072546228688,0.0,0.0,8.097686767578125,11.91146469116211,0.0039396893165756855,0.0,0.0,-0.053002357482910156,1.1952680349349976,0.01225418723894766,0.6091560170943239,6.652180383058441,6.652180383058441,4.700354255460181,-1.9518261275982607,4.700354255460181,0.006527423858642578,0.004337718000897439,0.0016710660001990618,4.261999492882751e-06
4.525732517242432,14.16546630859375,-3.819091558456421,-0.1771456060876812,0.0,0.0,8.1707763671875,11.747298240661621,0.001358555681403042,0.0,0.0,-0.04530668258666992,1.2288906574249268,0.01588791665460599,0.5957538722973001,6.353236628957931,6.353236628957931,3.559581516617048,-2.793655112340883,3.559581516617048,0.006028652191162109,0.004561481999189709,0.0016802760001155548,4.088000423507765e-06
4.531994819641113,14.14093017578125,-4.004551887512207,-0.13483363969251644,0.0,0.0,8.241546630859375,11.215947151184082,0.0005068177892116345,0.0,0.0,-0.037694454193115234,1.2206697463989258,0.01956568802350899,0.5782147291829907,6.02740330980991,6.02740330980991,2.702891417030684,-3.324511892779226,2.702891417030684,0.006262302398681641,0.004450378999536042,0.001769030001014471,4.289999196771532e-06
4.53823447227478,14.11474609375,-4.283031940460205,-0.1158909997378605,0.0,0.0,8.310333251953125,11.058099746704102,0.00022928686790646386,0.0,0.0,-0.030431270599365234,1.1361358165740967,0.0231097362643831,0.5571793386330958,5.691712615248428,5.691712615248428,2.320633330559673,-3.371079284688755,2.320633330559673,0.006239652633666992,0.0044668700011243345,0.0017252300003747223,4.063000233145431e-06
4.544447422027588,14.0888671875,-4.181628704071045,-0.056268829376120884,0.0,0.0,8.37799072265625,10.717191696166992,6.248066524496994e-05,0.0,0.0,-0.022576332092285156,1.2473390102386475,0.02649754978141816,0.5328318749515613,5.3073503472367705,5.3073503472367705,1.1261432214517848,-4.181207125784986,1.1261432214517848,0.006212949752807617,0.004381374999866239,0.002012315000683884,4.192999767838046e-06
4.550861358642578,14.060546875,-4.387825965881348,-0.05885461820063927,0.0,0.0,8.443344116210938,10.360876083374023,3.88590138091589e-05,0.0,0.0,-0.015583038330078125,1.0501219034194946,0.029825378568589325,0.5042931331403993,4.92885842809345,4.92885842809345,1.1775691617282233,-3.751289266365227,1.1775691617282233,0.006413936614990234,0.004190083000139566,0.0016569300005357945,4.719999196822755e-06
4.556729078292847,14.03460693359375,-4.367760181427002,0.014037753709543861,0.0,0.0,8.501983642578125,9.816832542419434,-5.805223747228884e-06,0.0,0.0,-0.008343696594238281,1.2387102842330933,0.03270070524109655,0.47531188067293306,4.512905853417562,4.512905853417562,-0.2808263039301053,-4.793732157347668,-0.2808263039301053,0.005867719650268555,0.004374985999675118,0.0017228090000571683,4.204999640933238e-06
4.562848091125488,14.0089111328125,-4.359615325927734,0.021721807164158943,0.0,0.0,8.563796997070312,9.680054664611816,-5.89584969886381e-06,0.0,0.0,-0.0014739036560058594,1.0617592334747314,0.03550965313449469,0.4423406249603384,4.095527016143412,4.095527016143412,-0.43450848499727357,-4.530035501140685,-0.43450848499727357,0.0061190128326416016,0.004572141999233281,0.0016265510002995143,4.056999387103133e-06
4.569067001342773,13.9805908203125,-4.349809646606445,0.0024119156444722123,0.0,0.0,8.623687744140625,9.828861236572266,-4.481555290404968e-07,0.0,0.0,0.0038633346557617188,0.8520046472549438,0.03814935191664817,0.4061537586053907,3.6969075585406705,3.6969075585406705,-0.04824381173029124,-3.745151370270962,-0.04824381173029124,0.006218910217285156,0.0044993779993092176,0.0021595450016320683,4.412999260239303e-06
4.575747489929199,13.952880859375,-4.101443767547607,0.030603297089859392,0.0,0.0,8.690109252929688,9.420578002929688,-4.043053030608762e-06,0.0,0.0,0.010324954986572266,0.8754628896713257,0.04072512138929605,0.36452537058303663,3.2357540721840414,3.2357540721840414,-0.6121155498098321,-3.8478696219938735,-0.6121155498098321,0.006680488586425781,0.004928420999931404,0.0022916540001460817,6.279000444919802e-06
4.582993745803833,13.92266845703125,-4.1073384284973145,0.0626733004945281,0.0,0.0,8.7542724609375,8.823575019836426,-6.091312817464628e-06,0.0,0.0,0.016213417053222656,0.8467128872871399,0.04319419167473152,0.3164784506449069,2.7278936256314155,2.7278936256314155,-1.25354074992513,-3.9814343755565456,-1.25354074992513,0.007246255874633789,0.004548939999949653,0.0019694489983521635,5.387000783230178e-06
4.589554071426392,13.89739990234375,-3.7992255687713623,0.10844664182664386,0.0,0.0,8.8096923828125,8.50260066986084,-7.995817095249011e-06,0.0,0.0,0.02179098129272461,0.8655070662498474,0.045121345876369595,0.2707066173039692,2.231225025585129,2.231225025585129,-2.1690309447180924,-4.400255970303221,-2.1690309447180924,0.006560325622558594,0.00413519100038684,0.0019065930009674048,5.107998731546104e-06
4.595618963241577,13.87469482421875,-3.871816873550415,0.1390998888070372,0.0,0.0,8.859222412109375,8.501951217651367,-7.998160059595408e-06,0.0,0.0,0.02648019790649414,0.8059805631637573,0.04663058246492168,0.22674858133139192,1.7611296272865802,1.7611296272865802,-2.782095913073988,-4.543225540360568,-2.782095913073988,0.006064891815185547,0.0039069340000423836,0.0015127169990591938,4.925999746774323e-06
4.601062297821045,13.85406494140625,-3.654169797897339,0.1920368243196049,0.0,0.0,8.899612426757812,7.427205562591553,-8.828008292155883e-06,0.0,0.0,0.031043529510498047,0.8607515692710876,0.047754839667659865,0.1861669904787609,1.306051880676129,1.306051880676129,-3.8408448055122446,-5.146896686188374,-3.8408448055122446,0.0054433345794677734,0.0039029400013532722,0.0015939179993438302,4.075000106240623e-06
4.606579303741455,13.835693359375,-3.364839553833008,0.22910640577764146,0.0,0.0,8.9410400390625,7.38614559173584,-9.363518109750501e-06,0.0,0.0,0.03566455841064453,0.8162474036216736,0.04866638123354854,0.14414856159904485,0.8414561973854808,0.8414561973854808,-4.582243005345584,-5.423699202731064,-4.582243005345584,0.005517005920410156,0.003948835999835865,0.0015012020012363791,3.899000148521736e-06
4.612049102783203,13.81787109375,-3.2158193588256836,0.2600325386820996,0.0,0.0,8.982711791992188,7.1913957595825195,-1.045007152879784e-05,0.0,0.0,0.040467262268066406,0.762871265411377,0.049339305530724104,0.10180538706973116,0.375994757662497,0.375994757662497,-5.200778995378538,-5.576773753041035,-5.200778995378538,0.005469799041748047,0.00447887199879915,0.001716986000246834,4.1170005715684965e-06
4.6182801723480225,13.79766845703125,-2.989403247833252,0.33366439294512945,0.0,0.0,9.026947021484375,6.709752559661865,-1.63255012317736e-05,0.0,0.0,0.045516014099121094,0.8777259588241577,0.049821836834839095,0.05299459803355004,-0.16728734403074197,-0.16728734403074197,-6.673488171801134,-6.506200827770392,-6.673488171801134,0.006231069564819336,0.0043984690000797855,0.0014639050004916498,4.048999471706338e-06
4.624162435531616,13.78265380859375,-2.582108974456787,0.3542983227292964,0.0,0.0,9.062728881835938,6.5628275871276855,-2.1960441891122286e-05,0.0,0.0,0.04957437515258789,0.7293158769607544,0.04999723055835933,0.006613021872127892,-0.6633821403212409,-0.6633821403212409,-7.086235907860659,-6.422853767539418,-7.086235907860659,0.00588226318359375,0.004021501999886823,0.0016199010005948367,3.7209993024589494e-06
4.6298229694366455,13.77008056640625,-2.1083335876464844,0.37299695095671237,0.0,0.0,9.097763061523438,6.416916847229004,-3.0185657432603423e-05,0.0,0.0,0.05340147018432617,0.6425071954727173,0.049908197224107866,-0.038057331392008766,-1.1353843252528226,-1.1353843252528226,-7.4603093952990545,-6.324925070046231,-7.4603093952990545,0.005660533905029297,0.0036892990010528592,0.0017023929995048093,3.737999577424489e-06
4.635233640670776,13.760498046875,-1.6035178899765015,0.3837780414709374,0.0,0.0,9.133956909179688,6.387560844421387,-4.072873944866107e-05,0.0,0.0,0.05621004104614258,0.5474451780319214,0.04958712227267587,-0.08057905748498805,-1.5704853098068898,-1.5704853098068898,-7.676060568553075,-6.105575258746185,-7.676060568553075,0.005410671234130859,0.0038071159997343784,0.0014766669992241077,3.934999767807312e-06
4.640536546707153,13.75390625,-1.1134026050567627,0.4331448240684431,0.0,0.0,9.16693115234375,6.360931873321533,-6.762947621820524e-05,0.0,0.0,0.059490203857421875,0.623590350151062,0.049050076227775914,-0.12189380924178761,-2.0172439358256233,-2.0172439358256233,-8.66372629089299,-6.646482355067367,-8.66372629089299,0.005302906036376953,0.003864823998810607,0.0018650530000741128,3.78400000045076e-06
4.646285772323608,13.74951171875,-0.5683625340461731,0.4355788239015982,0.0,0.0,9.20458984375,6.238459587097168,-9.695014901878837e-05,0.0,0.0,0.0626225471496582,0.44940096139907837,0.04822193513038574,-0.16606874658653417,-2.4654824002982334,-2.4654824002982334,-8.712766050412533,-6.247283650114299,-8.712766050412533,0.005749225616455078,0.004295364000427071,0.0016160689992830157,3.6930014175595716e-06
4.652215957641602,13.7489013671875,-0.021400511264801025,0.45474064816998483,0.0,0.0,9.2392578125,5.859735012054443,-0.00014716930429223662,0.0,0.0,0.06482315063476562,0.4041162431240082,0.04710419288180552,-0.21072383965415387,-2.908428124515224,-2.908428124515224,-9.096618721734526,-6.188190597219302,-9.096618721734526,0.005930185317993164,0.0038620169998466736,0.0015944260012474842,4.555000487016514e-06
4.657692193984985,13.75091552734375,0.5171498656272888,0.49031689498892944,0.0,0.0,9.270797729492188,5.610032081604004,-0.0002462584713566803,0.0,0.0,0.06739139556884766,0.4228452146053314,0.04583963829815246,-0.2509273452732194,-3.326654629328103,-3.326654629328103,-9.809359476114178,-6.482704846786074,-9.809359476114178,0.005476236343383789,0.004237207000187482,0.0015919110010145232,3.84499981009867e-06
4.663541555404663,13.75604248046875,1.0955907106399536,0.5060441703586489,0.0,0.0,9.302963256835938,5.405675888061523,-0.00039504877478727655,0.0,0.0,0.06938600540161133,0.33117127418518066,0.044249414423278746,-0.2925534538389283,-3.7435732232474477,-3.7435732232474477,-10.125730631403375,-6.382157408155927,-10.125730631403375,0.005849361419677734,0.003985074999945937,0.0015755060012452304,3.965998985222541e-06
4.669121980667114,13.76409912109375,1.5223973989486694,0.5291907705661594,0.0,0.0,9.329513549804688,4.99448299407959,-0.0006570552722757032,0.0,0.0,0.07111120223999023,0.30299684405326843,0.04250942330847179,-0.33079617432061525,-4.130986631907649,-4.130986631907649,-10.591877439203671,-6.460890807296021,-10.591877439203671,0.005580425262451172,0.003812748000200372,0.001507237000623718,3.846000254270621e-06
4.674461364746094,13.77398681640625,2.0215868949890137,0.5660465946693193,0.0,0.0,9.358963012695312,5.467080593109131,-0.0011876627301589855,0.0,0.0,0.07285881042480469,0.3309142589569092,0.04064884838671082,-0.3658672691420201,-4.501272765849457,-4.501272765849457,-11.335504442222327,-6.83423167637287,-11.335504442222327,0.005339384078979492,0.00393460099985532,0.0016397949984821025,3.9930000639287755e-06
4.6800549030303955,13.787353515625,2.5148677825927734,0.5784172985785309,0.0,0.0,9.387115478515625,4.850396156311035,-0.0020195271881375577,0.0,0.0,0.07427787780761719,0.23811522126197815,0.03850366401639601,-0.4008392244778113,-4.8589196228191325,-4.8589196228191325,-11.593125446271072,-6.73420582345194,-11.593125446271072,0.005593538284301758,0.004004368998721475,0.0015178450012172107,3.9690003177383915e-06
4.685596466064453,13.803955078125,3.200270652770996,0.5947994135272129,0.0,0.0,9.412322998046875,4.665642738342285,-0.0034514808456507836,0.0,0.0,0.07557964324951172,0.1998322755098343,0.036190861734056626,-0.4335346006144644,-5.1956541149401065,-5.1956541149401065,-11.938337728772042,-6.742683613831936,-11.938337728772042,0.005541563034057617,0.003919814998880611,0.001492327999585541,3.816001481027342e-06
4.691026926040649,13.82421875,3.7863047122955322,0.6005612578787518,0.0,0.0,9.438262939453125,4.645681858062744,-0.005554052676010459,0.0,0.0,0.07625150680541992,0.12785221636295319,0.03375416113031399,-0.46353670716846085,-5.497229193066637,-5.497229193066637,-12.079373043168554,-6.582143850101916,-12.079373043168554,0.005430459976196289,0.003630781999163446,0.001546147001135978,3.6179990274831653e-06
4.696223020553589,13.8453369140625,4.2461256980896,0.6249043255484215,0.0,0.0,9.458816528320312,3.668342113494873,-0.008791079026232497,0.0,0.0,0.07699346542358398,0.15547151863574982,0.031275360631147074,-0.4902256687646605,-5.779740992751918,-5.779740992751918,-12.605952511287605,-6.826211518535686,-12.605952511287605,0.005196094512939453,0.0036847249994025333,0.0014933050006220583,3.8929993024794385e-06
4.701420307159424,13.87066650390625,5.118597984313965,0.6201555971454277,0.0,0.0,9.47601318359375,3.2540879249572754,-0.012725876235644848,0.0,0.0,0.0774526596069336,0.04640619456768036,0.02866264896310457,-0.5148306551572389,-6.029316868904404,-6.029316868904404,-12.55925766358741,-6.5299407946830055,-12.55925766358741,0.005197286605834961,0.0039037210008245893,0.0016078310000011697,4.3149993871338665e-06
4.706951141357422,13.90087890625,5.5922322273254395,0.6157267412337826,0.0,0.0,9.492904663085938,3.075594186782837,-0.017747516142884712,0.0,0.0,0.07733488082885742,-0.019211068749427795,0.025748296870444193,-0.5386013305660242,-6.261736637115925,-6.261736637115925,-12.532295758938732,-6.2705591218228065,-12.532295758938732,0.005530834197998047,0.003869322999889846,0.0015765780008223373,3.834999006357975e-06
4.712416887283325,13.93450927734375,6.361966609954834,0.6011416641476646,0.0,0.0,9.5076904296875,2.192673921585083,-0.023525164920872765,0.0,0.0,0.07701492309570312,-0.11037078499794006,0.022746042081309755,-0.5595376818903192,-6.458703328239908,-6.458703328239908,-12.311485613263532,-5.852782285023623,-12.311485613263532,0.00546574592590332,0.0045310649984458,0.001764189000823535,4.8959991545416415e-06
4.718734264373779,13.97857666015625,6.95845365524292,0.5767132382575206,0.0,0.0,9.514938354492188,0.6083148717880249,-0.029266913412299082,0.0,0.0,0.07573509216308594,-0.2245378941297531,0.019143305627697435,-0.5804430731408571,-6.636951710491162,-6.636951710491162,-11.893367997194183,-5.256416286703021,-11.893367997194183,0.0063173770904541016,0.004611610000210931,0.00184298899876012,4.7289995563915e-06
4.725210428237915,14.0281982421875,7.751613140106201,0.5390285335717945,0.0,0.0,9.512405395507812,-0.9432240724563599,-0.031110857620055738,0.0,0.0,0.07357215881347656,-0.3728475272655487,0.015325050994352342,-0.5980777670719881,-6.762587237219304,-6.762587237219304,-11.162298985782858,-4.399711748563554,-11.162298985782858,0.006476163864135742,0.005226555998888216,0.0020102640010009054,4.888999683316797e-06
4.732469320297241,14.08905029296875,8.580961227416992,0.47044159036457694,0.0,0.0,9.499191284179688,-2.1487247943878174,-0.024744875539824435,0.0,0.0,0.06941032409667969,-0.6282945871353149,0.010925973640959416,-0.6131336979819781,-6.817603791911253,-6.817603791911253,-9.71244991206707,-2.894846120155817,-9.71244991206707,0.007258892059326172,0.005744526999478694,0.0017465050004830118,4.876001185039058e-06
4.739982843399048,14.15802001953125,9.40580940246582,0.42672881617666475,0.0,0.0,9.48138427734375,-2.7945103645324707,-0.01798960159161816,0.0,0.0,0.06493186950683594,-0.7129501104354858,0.0062773563407683185,-0.6233470589189372,-6.824144939170255,-6.824144939170255,-8.755307631400392,-1.9311626922301377,-8.755307631400392,0.007513523101806641,0.004584266000165371,0.001796927999748732,5.107000106363557e-06
4.746386766433716,14.2210693359375,9.998309135437012,0.3735517276381362,0.0,0.0,9.46160888671875,-3.272836208343506,-0.010935544677967035,0.0,0.0,0.05974531173706055,-0.8422701954841614,0.0022694816107461696,-0.6276709602145447,-6.754980840897088,-6.754980840897088,-7.605213015065714,-0.8502321741686265,-7.605213015065714,0.006403923034667969,0.004530504000285873,0.0019028949991479749,4.831999831367284e-06
4.75284218788147,14.28887939453125,10.560262680053711,0.30949882815079677,0.0,0.0,9.43792724609375,-3.586397886276245,-0.005373725047200218,0.0,0.0,0.0537109375,-0.9908329844474792,-0.0017854196675627316,-0.627917821807035,-6.626534589476744,-6.626534589476744,-6.25591183966705,0.37062274980969456,-6.25591183966705,0.006455421447753906,0.004662960000132443,0.0018751950010482688,4.21599906985648e-06
4.759417533874512,14.35980224609375,11.042428016662598,0.2664965427592286,0.0,0.0,9.416641235351562,-3.301208734512329,-0.0025421300996175352,0.0,0.0,0.047530174255371094,-1.0206369161605835,-0.0059034086094452674,-0.6239237515934686,-6.462679154983228,-6.462679154983228,-5.361122635547198,1.1015565194360297,-5.361122635547198,0.006575345993041992,0.004112683000130346,0.0015133739998418605,4.035000529256649e-06
4.765064239501953,14.4222412109375,11.358139038085938,0.21719759236835678,0.0,0.0,9.4022216796875,-2.536712408065796,-0.0010459017336461806,0.0,0.0,0.04194784164428711,-1.0962491035461426,-0.009408710604330552,-0.6170940384593122,-6.269341254209895,-6.269341254209895,-4.356784997472903,1.9125562567369918,-4.356784997472903,0.005646705627441406,0.003595540998503566,0.0015557850001641782,4.256000465829857e-06
4.770236015319824,14.48321533203125,11.608779907226562,0.19607918950763065,0.0,0.0,9.389892578125,-2.3143107891082764,-0.00048482502789396094,0.0,0.0,0.03613615036010742,-1.0471291542053223,-0.012578073366933971,-0.6081126385691307,-6.0648743769860305,-6.0648743769860305,-3.9275325635008564,2.137341813485174,-3.9275325635008564,0.005171775817871094,0.00390637400050764,0.0015488930002902634,3.690000085043721e-06
4.7757110595703125,14.54840087890625,11.904485702514648,0.22104854503587762,0.0,0.0,9.376358032226562,-2.508991003036499,-0.00031890572543052134,0.0,0.0,0.030580520629882812,-0.8470830917358398,-0.015875132585912628,-0.5958076862047755,-5.870036812825951,-5.870036812825951,-4.424883854403719,1.445152958422232,-4.424883854403719,0.005475044250488281,0.004311446999054169,0.0016519600012543378,3.713999831234105e-06
4.781693458557129,14.619873046875,12.28091049194336,0.1928426950395891,0.0,0.0,9.361862182617188,-2.26169753074646,-0.00016115419753373925,0.0,0.0,0.02549457550048828,-0.9321557879447937,-0.01939129672212558,-0.579141692944019,-5.634205771728257,-5.634205771728257,-3.8588312529087103,1.7753745188195464,-3.8588312529087103,0.005982398986816406,0.004086703000211855,0.0015487660002690973,3.758999810088426e-06
4.787347793579102,14.6895751953125,12.425618171691895,0.21996537096546193,0.0,0.0,9.349868774414062,-2.144975185394287,-0.00011912919638704034,0.0,0.0,0.02084064483642578,-0.7295164465904236,-0.02261427289732845,-0.5603804796228729,-5.414644785388916,-5.414644785388916,-4.4007691272403315,1.0138756581485842,-4.4007691272403315,0.005654335021972656,0.004327437000029022,0.0015488569988519885,3.917000867659226e-06
4.793243169784546,14.76605224609375,12.839632987976074,0.2467674915137501,0.0,0.0,9.339080810546875,-1.4635634422302246,-9.770144382846446e-05,0.0,0.0,0.017050743103027344,-0.5936586856842041,-0.025852876246323764,-0.5378096550252068,-5.19214059520794,-5.19214059520794,-4.936548620996794,0.25559197421114666,-4.936548620996794,0.005895376205444336,0.004186783999102772,0.0015981200012902264,3.838998964056373e-06
4.799047231674194,14.8385009765625,12.70608139038086,0.23456539300160129,0.0,0.0,9.334716796875,-0.6368449330329895,-6.763251168851256e-05,0.0,0.0,0.013704776763916016,-0.6272608637809753,-0.028902856204297524,-0.5127055961640095,-4.944443411954587,-4.944443411954587,-4.692137706801189,0.25230570515339745,-4.692137706801189,0.0058040618896484375,0.0038617290010733996,0.0014959849995648256,3.6679994082078338e-06
4.804424047470093,14.90869140625,13.04888916015625,0.24106847137614112,0.0,0.0,9.333053588867188,-0.05219975858926773,-5.323539585236467e-05,0.0,0.0,0.010693550109863281,-0.5326067805290222,-0.03159153256405769,-0.48701375362437055,-4.704419854791773,-4.704419854791773,-4.8220226225639395,-0.1176027677721666,-4.8220226225639395,0.0053768157958984375,0.004119185001400183,0.001530440998976701,4.131999958190136e-06
4.810093402862549,14.9830322265625,13.273514747619629,0.2434204578804192,0.0,0.0,9.335189819335938,0.3645150363445282,-4.256970089999483e-05,0.0,0.0,0.008034706115722656,-0.4651397466659546,-0.0342701125090208,-0.4575193421191275,-4.443693419838512,-4.443693419838512,-4.868931485226776,-0.4252380653882639,-4.868931485226776,0.005669355392456055,0.0038841220011818223,0.0015860569983487949,3.883000317728147e-06
4.815582990646362,15.05731201171875,13.6493501663208,0.18500653846005521,0.0,0.0,9.338821411132812,0.6935049295425415,-2.3143950318287897e-05,0.0,0.0,0.00479888916015625,-0.6374661922454834,-0.03669820323750906,-0.42674659695638023,-4.135024414760648,-4.135024414760648,-3.7004147440516286,0.434609670709019,-3.7004147440516286,0.0054895877838134766,0.0037875609996262938,0.0014768109995202394,3.932000254280865e-06
4.820866584777832,15.13134765625,13.918338775634766,0.1930144280435338,0.0,0.0,9.342453002929688,0.6454178094863892,-1.7860613956655103e-05,0.0,0.0,0.001861572265625,-0.4515274167060852,-0.03887044275573531,-0.3952095948011427,-3.84642948735491,-3.84642948735491,-3.860507709508176,-0.014078222153266207,-3.860507709508176,0.0052835941314697266,0.004055650000736932,0.001480394999816781,3.6579986044671386e-06
4.826421737670898,15.208251953125,14.053532600402832,0.16673812395066867,0.0,0.0,9.34661865234375,0.7810631394386292,-1.1762295850462237e-05,0.0,0.0,-0.0009088516235351562,-0.4761756956577301,-0.040969437054584494,-0.3601762148319154,-3.5224199181740237,-3.5224199181740237,-3.334906801661842,0.18751311651218175,-3.334906801661842,0.005555152893066406,0.004222941999614704,0.001510649000920239,3.7539994082180783e-06
4.83217453956604,15.29107666015625,14.135022163391113,0.14105281248253138,0.0,0.0,9.349853515625,0.5096664428710938,-7.794252283106481e-06,0.0,0.0,-0.003490447998046875,-0.45838749408721924,-0.04293264638624553,-0.32204935011921,-3.172277666578915,-3.172277666578915,-2.8211518846479637,0.35112578193095134,-2.8211518846479637,0.0057528018951416016,0.004015834998426726,0.0016365150004276074,3.7730005715275183e-06
4.837845802307129,15.36993408203125,14.457740783691406,0.09847287324524984,0.0,0.0,9.352279663085938,0.43964114785194397,-4.367684780558266e-06,0.0,0.0,-0.006323337554931641,-0.5002821683883667,-0.04464854560408979,-0.2828152024717781,-2.797827986170226,-2.797827986170226,-1.9695110561292966,0.8283169300409295,-1.9695110561292966,0.005671262741088867,0.00420219899933727,0.0014564110006176634,3.598999683163129e-06
4.8435235023498535,15.4539794921875,14.597188949584961,0.022987522599196036,0.0,0.0,9.354385375976562,0.4694899618625641,-8.365937552824877e-07,0.0,0.0,-0.009407997131347656,-0.6443188786506653,-0.04613932888554772,-0.24209833921281967,-2.3811478076082713,-2.3811478076082713,-0.45976071693797316,1.9213870906702981,-0.45976071693797316,0.005677700042724609,0.003852735999316792,0.0016882500003703171,3.6470009945333004e-06
4.849083423614502,15.53619384765625,14.562183380126953,-0.0603836364573099,0.0,0.0,9.357803344726562,0.5183752775192261,1.8391650599607692e-06,0.0,0.0,-0.01410531997680664,-0.7595506906509399,-0.047371711998875445,-0.20103086583417643,-1.9230549287368572,-1.9230549287368572,1.207695295588651,3.1307502243255083,1.207695295588651,0.0055599212646484375,0.00442624500101374,0.0015511080000578659,3.695999112096615e-06
4.855079412460327,15.6229248046875,14.902377128601074,-0.15561925160184253,0.0,0.0,9.359542846679688,0.2267538160085678,4.038088766161701e-06,0.0,0.0,-0.018608570098876953,-0.8885715007781982,-0.04844154265040175,-0.155649069999514,-1.4083222658198842,-1.4083222658198842,3.1124345791382746,4.520756844958159,3.1124345791382746,0.005995988845825195,0.003952210998249939,0.0014948870011721738,3.834000381175429e-06
4.860546350479126,15.70458984375,14.805992126464844,-0.23912778458381262,0.0,0.0,9.359283447265625,-0.13413837552070618,6.012109837664429e-06,0.0,0.0,-0.024280548095703125,-0.9509552121162415,-0.04917752913944468,-0.1134950096899869,-0.8950062874436345,-0.8950062874436345,4.782629459895118,5.677635747338752,4.782629459895118,0.005466938018798828,0.004395318999740994,0.0017391380006301915,4.917999831377529e-06
4.866703510284424,15.79583740234375,14.468023300170898,-0.2997480503749295,0.0,0.0,9.35748291015625,-0.4113942086696625,8.721406659513155e-06,0.0,0.0,-0.030127525329589844,-0.9151023030281067,-0.04972850922324188,-0.06538785149503061,-0.33360736666633367,-0.33360736666633367,5.995068018623244,6.328675385289578,5.995068018623244,0.0061571598052978516,0.004643308999220608,0.0017269870004383847,4.6009990910533816e-06
4.873095989227295,15.88800048828125,14.60649585723877,-0.34370206352275634,0.0,0.0,9.3551025390625,-0.3207615315914154,1.2943390010172022e-05,0.0,0.0,-0.03555917739868164,-0.8441045880317688,-0.04998568874169312,-0.015032032135427727,0.23588160387709795,0.23588160387709795,6.874200085056474,6.638318481179376,6.874200085056474,0.006392478942871094,0.004396632000862155,0.0017306490008195397,4.84999873151537e-06
4.879245758056641,15.9752197265625,13.739664077758789,-0.3922464730428269,0.0,0.0,9.354034423828125,-0.04019685834646225,2.1426148834139343e-05,0.0,0.0,-0.04096078872680664,-0.8279183506965637,-0.049928851262809236,0.033507259541561835,0.7926696869590857,0.7926696869590857,7.845192358388239,7.052522671429153,7.845192358388239,0.006149768829345703,0.004633792999811703,0.001707950999843888,4.78999936603941e-06
4.8856096267700195,16.06134033203125,13.465764999389648,-0.4468500059249392,0.0,0.0,9.354507446289062,0.1381411850452423,3.9919279216079086e-05,0.0,0.0,-0.0464930534362793,-0.8304524421691895,-0.04955627230056179,0.08352230044341431,1.3683584650466574,1.3683584650466574,8.937489925605716,7.569131460559058,8.937489925605716,0.006363868713378906,0.005097336001199437,0.0018659910001588287,4.596999133354984e-06
4.892594814300537,16.1507568359375,12.710670471191406,-0.4983646659547803,0.0,0.0,9.355026245117188,-0.1132638156414032,8.040162079739968e-05,0.0,0.0,-0.05192708969116211,-0.801098108291626,-0.04878280789033636,0.13779393788679153,1.979843198910975,1.979843198910975,9.968279842050151,7.988436643139177,9.968279842050151,0.006985187530517578,0.004544549999991432,0.0020415389990375843,4.694000381277874e-06
4.899202585220337,16.23516845703125,12.058819770812988,-0.5156024649016762,0.0,0.0,9.351760864257812,-0.5221788883209229,0.0001488192923722206,0.0,0.0,-0.05690479278564453,-0.6487233638763428,-0.04770526272565249,0.18816347608542955,2.53709266046614,2.53709266046614,10.313875301620866,7.7767826411547265,10.313875301620866,0.006607770919799805,0.004975350999302464,0.0017615550004848046,5.0529997679404914e-06
4.905961990356445,16.31097412109375,11.525191307067871,-0.5055663974039657,0.0,0.0,9.3487548828125,-0.416302353143692,0.0002393375292408559,0.0,0.0,-0.059845924377441406,-0.4425636827945709,-0.046262925011540675,0.23834458920796542,3.048017200861948,3.048017200861948,10.114264604879741,7.066247404017793,10.114264604879741,0.0067594051361083984,0.004069651000463637,0.0017003630000544945,3.7909994716756046e-06
4.911752223968506,16.37408447265625,10.949110984802246,-0.5342089213240034,0.0,0.0,9.347457885742188,0.007239075377583504,0.00042883648971601707,0.0,0.0,-0.06208086013793945,-0.4667819142341614,-0.04476165977270322,0.27997744409732267,3.4896540735372956,3.4896540735372956,10.689440223899766,7.19978615036247,10.689440223899766,0.005790233612060547,0.004150886001298204,0.001530116998765152,3.840001227217726e-06
4.917453765869141,16.43402099609375,10.276450157165527,-0.5710097112680869,0.0,0.0,9.349609375,0.41587555408477783,0.0008202352401426796,0.0,0.0,-0.06472444534301758,-0.4781942665576935,-0.04305188161721494,0.3195258865216307,3.924684940315771,3.924684940315771,11.430258461436855,7.505573521121084,11.430258461436855,0.005701541900634766,0.003973069999119616,0.0017456109999329783,3.899000148521736e-06
4.923191785812378,16.48846435546875,9.522915840148926,-0.6016199671954172,0.0,0.0,9.352249145507812,0.467725932598114,0.0015836854181032868,0.0,0.0,-0.06734561920166016,-0.4462983310222626,-0.04110815299170474,0.3576716153148972,4.347669993902003,4.347669993902003,12.05183106682937,7.704161072927367,12.05183106682937,0.005738019943237305,0.003944532001696643,0.0015293779997591628,3.7359986890805885e-06
4.928684711456299,16.53826904296875,8.707749366760254,-0.6183498962104506,0.0,0.0,9.354019165039062,0.18805162608623505,0.002807550265364815,0.0,0.0,-0.06941461563110352,-0.37328729033470154,-0.0390471559363263,0.3924491049344093,4.729699694951191,4.729699694951191,12.401446393721828,7.6717466987706375,12.401446393721828,0.0054929256439208984,0.004010044000096968,0.0016251870001724456,3.8019989005988464e-06
4.934338808059692,16.58526611328125,8.046327590942383,-0.6435120011487455,0.0,0.0,9.353256225585938,-0.10437624901533127,0.004772234912861404,0.0,0.0,-0.07141685485839844,-0.35757309198379517,-0.03673155764826111,0.42629320290226125,5.105602160876224,5.105602160876224,12.928795052579108,7.823192891702885,12.928795052579108,0.005654096603393555,0.0036807209999096813,0.0014808790001552552,3.7999998312443495e-06
4.93951940536499,16.6246337890625,7.482555866241455,-0.6759577379037238,0.0,0.0,9.353302001953125,0.0894375741481781,0.007795597903544023,0.0,0.0,-0.07327699661254883,-0.37689894437789917,-0.034446853880240255,0.4554185615677296,5.445833543472922,5.445833543472922,13.61480626609103,8.168972722618108,13.61480626609103,0.0051805973052978516,0.004387029999634251,0.0016043470004660776,3.965000360039994e-06
4.9455296993255615,16.6644287109375,6.36888313293457,-0.7018819989718134,0.0,0.0,9.3536376953125,0.12767301499843597,0.012044318776604073,0.0,0.0,-0.07548093795776367,-0.34945744276046753,-0.03161405317310796,0.4867829263994911,5.81013756684493,5.81013756684493,14.185423031906243,8.375285465061314,14.185423031906243,0.006010293960571289,0.0038866790000611218,0.0016294540000671986,3.6720011848956347e-06
4.951064825057983,16.69757080078125,5.648739337921143,-0.7242228276755907,0.0,0.0,9.355880737304688,0.3888336718082428,0.017771323505961167,0.0,0.0,-0.07733583450317383,-0.3314187228679657,-0.028845375454218555,0.5132165320978661,6.128612300686122,6.128612300686122,14.702509602659259,8.573897301973137,14.702509602659259,0.005535125732421875,0.0038297909995890222,0.0015598139998473926,3.8929993024794385e-06
4.956474542617798,16.7230224609375,4.578738212585449,-0.7451843136195145,0.0,0.0,9.357345581054688,0.34331801533699036,0.025229448112033225,0.0,0.0,-0.07917165756225586,-0.32235512137413025,-0.026004530263074022,0.5366538281760842,6.422500506222292,6.422500506222292,15.213250052898298,8.790749546676006,15.213250052898298,0.005409717559814453,0.0038914140004635556,0.0015874540004006121,3.553999704308808e-06
4.961973190307617,16.7447509765625,3.7227704524993896,-0.7399699671439279,0.0,0.0,9.358566284179688,0.07645582407712936,0.03347148453785956,0.0,0.0,-0.08063697814941406,-0.21557140350341797,-0.022993952408750892,0.557935272674673,6.681024399179609,6.681024399179609,15.210092404682518,8.529068005502909,15.210092404682518,0.005498647689819336,0.004115420000744052,0.0015597099991282448,3.688001015689224e-06
4.967667579650879,16.76165771484375,2.717879295349121,-0.7152219006909432,0.0,0.0,9.359848022460938,0.4456210136413574,0.041989126208168644,0.0,0.0,-0.08126688003540039,-0.07518009096384048,-0.019760717067661932,0.5771664475393877,6.896249043706483,6.896249043706483,14.8196420163602,7.923392972653717,14.8196420163602,0.005694389343261719,0.003996467999968445,0.0016575830013607629,3.6989986256230623e-06
4.973340749740601,16.77264404296875,1.6811226606369019,-0.699742201469707,0.0,0.0,9.366943359375,1.6226621866226196,0.05194523746216574,0.0,0.0,-0.08143329620361328,-0.020571060478687286,-0.01643893159807454,0.5933884284585002,7.076337586523293,7.076337586523293,14.632208906214597,7.555871319691303,14.632208906214597,0.00567317008972168,0.003673920000437647,0.0016302879994327668,3.6840010579908267e-06
4.978663682937622,16.7779541015625,0.7494413256645203,-0.6798316468970943,0.0,0.0,9.379440307617188,2.34885573387146,0.06233464911991106,0.0,0.0,-0.08136320114135742,0.04825926944613457,-0.013245957121697002,0.6058691054858809,7.2133743083157835,7.2133743083157835,14.36147525841247,7.148100950096687,14.36147525841247,0.005322933197021484,0.003967558001022553,0.0015348109991464298,3.5049997677560896e-06
4.984184503555298,16.778564453125,0.03889435529708862,-0.6216882807284619,0.0,0.0,9.39520263671875,3.3115322589874268,0.06893650281992354,0.0,0.0,-0.08023357391357422,0.2677594721317291,-0.009871880628960753,0.6159503656293833,7.290161159967673,7.290161159967673,13.279612274915252,5.9894511149475775,13.279612274915252,0.005520820617675781,0.0037489909991563763,0.0016319490005116677,3.881999873556197e-06
4.98958420753479,16.77490234375,-0.9258068799972534,-0.5452817537421651,0.0,0.0,9.423233032226562,6.107793807983398,0.06926441857372943,0.0,0.0,-0.07785797119140625,0.503664493560791,-0.006525765032774571,0.6229440794950171,7.296045385884839,7.296045385884839,11.755505241370882,4.459459855486043,11.755505241370882,0.0053997039794921875,0.00379142400015553,0.0018283530007465743,3.6059991543879732e-06
4.995222806930542,16.76666259765625,-1.6079983711242676,-0.4545341040605003,0.0,0.0,9.464935302734375,7.76092529296875,0.0484349694388015,0.0,0.0,-0.0737156867980957,0.7920161485671997,-0.0029997963755855335,0.6271866914513907,7.223612622215107,7.223612622215107,9.684976184738726,2.461363562523619,9.684976184738726,0.005638599395751953,0.003910823001206154,0.0016502529997524107,3.6539986467687413e-06
5.000803232192993,16.7550048828125,-2.198831081390381,-0.3471376773065963,0.0,0.0,9.519393920898438,9.890754699707031,0.022131476078394968,0.0,0.0,-0.06809616088867188,1.0971952676773071,0.0005046771015510027,0.6282865234853375,7.069772049661638,7.069772049661638,7.214305399847774,0.14453335018613567,7.214305399847774,0.005580425262451172,0.004109260000404902,0.00190885700067156,4.21699951402843e-06
5.006840944290161,16.73944091796875,-2.7156574726104736,-0.26310099458822284,0.0,0.0,9.588424682617188,11.685497283935547,0.0080917615384036,0.0,0.0,-0.06074333190917969,1.222570776939392,0.004292999867764212,0.6259982836414464,6.8609544958281,6.8609544958281,5.361305309411098,-1.4996491864170016,5.361305309411098,0.006037712097167969,0.004071970999575569,0.0016523470003448892,3.7240006349748e-06
5.012585639953613,16.72308349609375,-2.954449415206909,-0.2191542217246116,0.0,0.0,9.655624389648438,12.250544548034668,0.003054532979438942,0.0,0.0,-0.05359077453613281,1.1913836002349854,0.007874865401960963,0.6204767488294312,6.63723680686582,6.63723680686582,4.420563366754349,-2.216673440111471,4.420563366754349,0.0057446956634521484,0.004113422999580507,0.0017911400009325007,3.877999915857799e-06
5.018510103225708,16.7041015625,-3.194537401199341,-0.18999138188638987,0.0,0.0,9.734451293945312,12.35304069519043,0.0012226175363677719,0.0,0.0,-0.04650259017944336,1.15779447555542,0.01152564851306961,0.6113974431404235,6.396190076544623,6.396190076544623,3.8148290798914437,-2.581360996653179,3.8148290798914437,0.0059244632720947266,0.004321316000641673,0.0017034109987434931,3.923001713701524e-06
5.024555206298828,16.68353271484375,-3.5506911277770996,-0.13472696542573676,0.0,0.0,9.805709838867188,12.132486343383789,0.0004324509093674696,0.0,0.0,-0.03930854797363281,1.2578754425048828,0.015184815961249482,0.5986423451011312,6.1134960732083545,6.1134960732083545,2.6998454546418107,-3.413650618566544,2.6998454546418107,0.006045103073120117,0.004131203000724781,0.0016286150002997601,4.13899942941498e-06
5.030334711074829,16.66278076171875,-3.5828447341918945,-0.10885196564787321,0.0,0.0,9.873306274414062,11.72866439819336,0.0001868321336806803,0.0,0.0,-0.03204536437988281,1.2025763988494873,0.01860160104544766,0.5832177612677308,5.8190457729164,5.8190457729164,2.1793317317755747,-3.6397140411408255,2.1793317317755747,0.0057795047760009766,0.004179212000963162,0.0015085470004123636,3.8090001908130944e-06
5.036041736602783,16.64263916015625,-3.629883289337158,-0.06539235465518453,0.0,0.0,9.938674926757812,11.033671379089355,6.389428038652611e-05,0.0,0.0,-0.02480936050415039,1.250277042388916,0.02187937122168759,0.5649688617704712,5.4968796489276,5.4968796489276,1.3086310720041192,-4.188248576923481,1.3086310720041192,0.0057070255279541016,0.004498072999922442,0.001582499000505777,3.9240003388840705e-06
5.0421411991119385,16.61883544921875,-3.9053573608398438,-0.0382173744565933,0.0,0.0,10.003036499023438,10.54951000213623,2.2489696460486648e-05,0.0,0.0,-0.017283916473388672,1.2041409015655518,0.025257765975722293,0.5422567668188467,5.146031200579451,5.146031200579451,0.7646234363276934,-4.381407764251757,0.7646234363276934,0.0060994625091552734,0.004486847999942256,0.001528582000901224,3.7070003600092605e-06
5.04817533493042,16.59686279296875,-3.684818983078003,-0.01037861388159846,0.0,0.0,10.061004638671875,9.978763580322266,3.869644478526732e-06,0.0,0.0,-0.010434150695800781,1.178444743156433,0.028454103981077308,0.5166542154212497,4.782645093504909,4.782645093504909,0.20761975793231802,-4.575025335572591,0.20761975793231802,0.006034135818481445,0.00425413000084518,0.001601914998900611,3.811001079156995e-06
5.05405068397522,16.5748291015625,-3.6477303504943848,-0.0035032322606414886,0.0,0.0,10.120712280273438,9.595014572143555,8.6622100591006e-07,0.0,0.0,-0.0036950111389160156,1.068004846572876,0.03140935235914612,0.4888709979146165,4.418449613495504,4.418449613495504,0.07007527369142963,-4.348374339804074,0.07007527369142963,0.005875349044799805,0.0045663910004805075,0.0015489190009247977,3.9169990486698225e-06
5.060185670852661,16.55169677734375,-3.7046279907226562,0.01967156780854183,0.0,0.0,10.18035888671875,9.35883617401123,-3.360965197936054e-06,0.0,0.0,0.0030975341796875,1.0472999811172485,0.034312303853682745,0.4570197062328292,4.022989197261457,4.022989197261457,-0.3934725950076201,-4.416461792269077,-0.3934725950076201,0.006134986877441406,0.004641989999072393,0.0017740080002113245,5.056999725638889e-06
5.066624402999878,16.52911376953125,-3.543240785598755,0.017951945802089354,0.0,0.0,10.23712158203125,9.281331062316895,-2.1991522902725345e-06,0.0,0.0,0.009096145629882812,0.9033214449882507,0.037139467240891816,0.42067508796722514,3.618759640074674,3.618759640074674,-0.35906589950547074,-3.9778255395801447,-0.35906589950547074,0.006438732147216797,0.004520141999819316,0.0017764280000847066,4.674000592785887e-06
5.072943210601807,16.50775146484375,-3.457540273666382,0.016928988385300957,0.0,0.0,10.295394897460938,9.456615447998047,-1.5372398903561074e-06,0.0,0.0,0.014062881469726562,0.7967426776885986,0.03967781775891855,0.3823297923714222,3.2198021253959634,3.2198021253959634,-0.3385986295451642,-3.5584007549411276,-0.3385986295451642,0.006318807601928711,0.004619818999344716,0.001775647999238572,4.977000571670942e-06
5.079361438751221,16.485107421875,-3.3726630210876465,0.02530243232930284,0.0,0.0,10.354965209960938,9.1367769241333,-1.7548624706702556e-06,0.0,0.0,0.019512176513671875,0.727314293384552,0.042000055057913536,0.34091601766033797,2.796098088505579,2.796098088505579,-0.5060701786409112,-3.3021682671464903,-0.5060701786409112,0.0064182281494140625,0.005160467000678182,0.0019288450002932223,4.9840000428957865e-06
5.086472988128662,16.46246337890625,-3.110252857208252,0.055479023774478574,0.0,0.0,10.413589477539062,8.560687065124512,-3.0191367382727396e-06,0.0,0.0,0.024137496948242188,0.722072958946228,0.04425366844517278,0.29245182474282994,2.3184105529134644,2.3184105529134644,-1.1096175201121259,-3.4280280730255903,-1.1096175201121259,0.007111549377441406,0.004356742001618841,0.0015559839994239155,3.7549998523900285e-06
5.092405796051025,16.44415283203125,-3.127187490463257,0.08710699163280355,0.0,0.0,10.462142944335938,8.018346786499023,-3.810770808257174e-06,0.0,0.0,0.02809906005859375,0.7081814408302307,0.04586419191834637,0.25021783419664984,1.8912553591233818,1.8912553591233818,-1.7421865905800975,-3.6334419497034793,-1.7421865905800975,0.005932807922363281,0.004101701000763569,0.0017995960006373934,4.445999365998432e-06
5.098327398300171,16.42578125,-3.094736099243164,0.15359006655886878,0.0,0.0,10.508697509765625,7.6331095695495605,-5.520878650449896e-06,0.0,0.0,0.0326385498046875,0.8185730576515198,0.047217592006792486,0.20667726226283203,1.4250707800722735,1.4250707800722735,-3.0718690720197106,-4.496939852091984,-3.0718690720197106,0.005921602249145508,0.004106017000594875,0.0015963959995133337,4.258001354173757e-06
5.104049921035767,16.4095458984375,-2.7743282318115234,0.22060951054130726,0.0,0.0,10.550323486328125,7.449958801269531,-7.051042486790124e-06,0.0,0.0,0.03773212432861328,0.8764756321907043,0.04827725407929175,0.16351100425649567,0.9424225321956534,0.9424225321956534,-4.412276726684877,-5.35469925888053,-4.412276726684877,0.005722522735595703,0.003953300998546183,0.001511484000729979,4.07699917559512e-06
5.109534740447998,16.3951416015625,-2.563080072402954,0.24206306683516082,0.0,0.0,10.589996337890625,7.114155292510986,-7.403898778216437e-06,0.0,0.0,0.0419769287109375,0.742549479007721,0.049058746008287725,0.12134159308728032,0.49207532578378466,0.49207532578378466,-4.841352182086996,-5.3334275078707805,-4.841352182086996,0.005484819412231445,0.00409202499940875,0.0016847959996084683,4.401001206133515e-06
5.115332841873169,16.3809814453125,-2.4071638584136963,0.2853229438748512,0.0,0.0,10.63018798828125,6.690927982330322,-9.500744715714286e-06,0.0,0.0,0.04627180099487305,0.7519969344139099,0.04963151211101621,0.07614122051986028,0.009827641555471889,0.009827641555471889,-5.706575451051815,-5.716403092607287,-5.706575451051815,0.0057981014251708984,0.004025124999316176,0.001474179000069853,3.795999873545952e-06
5.120851755142212,16.3682861328125,-2.251124382019043,0.3389197212291348,0.0,0.0,10.662689208984375,6.207705497741699,-1.4214038557695592e-05,0.0,0.0,0.050469398498535156,0.7891792058944702,0.04993208117614413,0.03273839681564945,-0.46758812487962065,-0.46758812487962065,-6.778568829963766,-6.3109807050841455,-6.778568829963766,0.005518913269042969,0.003847337000479456,0.0014864099994156277,3.7549998523900285e-06
5.126204252243042,16.35772705078125,-1.8321967124938965,0.35897467087526636,0.0,0.0,10.69903564453125,6.497158050537109,-1.9630755872786237e-05,0.0,0.0,0.05456256866455078,0.6737827658653259,0.04999427485650432,-0.009508031674765034,-0.9215843315691399,-0.9215843315691399,-7.179734285675538,-6.258149954106398,-7.179734285675538,0.005352497100830078,0.004314574998716125,0.001541452000310528,3.836001269519329e-06
5.1320788860321045,16.3492431640625,-1.3034923076629639,0.3753755910014348,0.0,0.0,10.736007690429688,6.414784908294678,-2.7325845423160095e-05,0.0,0.0,0.0578160285949707,0.5807231068611145,0.049802301592034436,-0.05581895844203856,-1.3922942899848811,-1.3922942899848811,-7.507847106475598,-6.115552816490717,-7.507847106475598,0.0058746337890625,0.003922811998563702,0.0018217400011053542,5.264999344944954e-06
5.137845754623413,16.3438720703125,-0.6783753037452698,0.3880545746486973,0.0,0.0,10.774063110351562,6.124212741851807,-3.790252581995485e-05,0.0,0.0,0.06130409240722656,0.4908445477485657,0.049349966543477786,-0.10098609561326802,-1.8488022122996743,-1.8488022122996743,-7.761556554640437,-5.9127543423407625,-7.761556554640437,0.005766868591308594,0.004843126000196207,0.0018891029994847486,4.890000127488747e-06
5.144600868225098,16.34246826171875,-0.04404561221599579,0.4046643892018376,0.0,0.0,10.815597534179688,5.6914591789245605,-5.401892653847645e-05,0.0,0.0,0.064239501953125,0.40981197357177734,0.04849091555921134,-0.15320210128689657,-2.3542760344501126,-2.3542760344501126,-8.093950592951318,-5.739674558501205,-8.093950592951318,0.00675511360168457,0.004856090001339908,0.001964295999641763,4.792998879565857e-06
5.151443243026733,16.3441162109375,0.45217064023017883,0.416984762116768,0.0,0.0,10.853118896484375,6.0888671875,-7.64006110616425e-05,0.0,0.0,0.06654500961303711,0.31386512517929077,0.047264799043018016,-0.2049662383632217,-2.8443311235225113,-2.8443311235225113,-8.340632673145908,-5.4963015496233965,-8.340632673145908,0.006842374801635742,0.004448177000085707,0.001639866999539663,4.883000656263903e-06
5.157553195953369,16.3492431640625,0.9440193176269531,0.45952427324289974,0.0,0.0,10.886764526367188,4.814721584320068,-0.00012655259941843217,0.0,0.0,0.06857442855834961,0.3640895187854767,0.04587444675997214,-0.2499207971791339,-3.2901745220067644,-3.2901745220067644,-9.192038257488857,-5.901863735482092,-9.192038257488857,0.006109952926635742,0.004227385999911348,0.0015875879998930031,3.858000127365813e-06
5.16339373588562,16.3564453125,1.3668774366378784,0.49713129644320064,0.0,0.0,10.910903930664062,4.404738426208496,-0.0002201920706796829,0.0,0.0,0.07073450088500977,0.3559534549713135,0.044292583167747285,-0.2915200478883084,-3.714458558612961,-3.714458558612961,-9.945327672062469,-6.230869113449508,-9.945327672062469,0.0058405399322509766,0.004396164000354474,0.00160336499902769,3.7410009099403396e-06
5.169412136077881,16.3670654296875,1.8989535570144653,0.519685961343002,0.0,0.0,10.938217163085938,4.34115743637085,-0.0003768045607291565,0.0,0.0,0.07239532470703125,0.2854374349117279,0.042413158644958454,-0.33274173184876304,-4.126550677171467,-4.126550677171467,-10.398342595703227,-6.271791918531759,-10.398342595703227,0.006018400192260742,0.00394217299981392,0.001863028999650851,6.529000529553741e-06
5.175241470336914,16.380859375,2.5015511512756348,0.536681891904342,0.0,0.0,10.96337890625,4.159618377685547,-0.0006370547151716299,0.0,0.0,0.07400941848754883,0.2212580144405365,0.04036148468040437,-0.3708571137195164,-4.508451552745486,-4.508451552745486,-10.741454460358689,-6.233002907613203,-10.741454460358689,0.005829334259033203,0.004655531998650986,0.0020282990008126944,6.195999958436005e-06
5.181951284408569,16.39971923828125,2.9943645000457764,0.556147499772783,0.0,0.0,10.9903564453125,4.326324939727783,-0.0010889413622559147,0.0,0.0,0.0750727653503418,0.17100384831428528,0.03773265934246651,-0.4122548026273059,-4.913621910729676,-4.913621910729676,-11.136311239163987,-6.2226893284343126,-11.136311239163987,0.0067098140716552734,0.003960216999985278,0.0016359630008082604,3.901999662048183e-06
5.1875691413879395,16.41839599609375,3.579779624938965,0.5593794181241967,0.0,0.0,11.01361083984375,3.9788315296173096,-0.0017365077562100388,0.0,0.0,0.07563924789428711,0.08027812838554382,0.03532460700884155,-0.44467414875375727,-5.22838392365517,-5.22838392365517,-11.20889520611788,-5.98051128246271,-11.20889520611788,0.005617856979370117,0.0037325140001485124,0.0016286080008285353,3.821998689090833e-06
5.192949533462524,16.44110107421875,4.330996036529541,0.5640830881343887,0.0,0.0,11.034271240234375,3.5311028957366943,-0.0026919424571555145,0.0,0.0,0.07565021514892578,0.02641601860523224,0.032853197787105694,-0.4736483957666193,-5.505269119368401,-5.505269119368401,-11.314691731486402,-5.809422612118,-11.314691731486402,0.005380392074584961,0.004476549998798873,0.0017730649997247383,4.971001544618048e-06
5.199221134185791,16.47039794921875,4.776693820953369,0.5791046336157586,0.0,0.0,11.05560302734375,3.1094508171081543,-0.0042612530708162856,0.0,0.0,0.07593441009521484,0.008868038654327393,0.029783761983790936,-0.504681389721256,-5.808088579807768,-5.808088579807768,-11.634377986066212,-5.826289406258444,-11.634377986066212,0.0062716007232666016,0.004734805001135101,0.001738794999255333,4.351000825408846e-06
5.205716133117676,16.50421142578125,5.710658073425293,0.6045462099289202,0.0,0.0,11.073410034179688,2.726020574569702,-0.006923297610422866,0.0,0.0,0.07600641250610352,0.027516841888427734,0.026410346482135277,-0.5335151170057156,-6.099759412994279,-6.099759412994279,-12.175872635513983,-6.076113222519703,-12.175872635513983,0.006494998931884766,0.0044331440003588796,0.0018139269996026997,4.963001629221253e-06
5.211986303329468,16.5430908203125,6.166333198547363,0.5876790041893455,0.0,0.0,11.088455200195312,2.115950345993042,-0.009841527304756556,0.0,0.0,0.0754399299621582,-0.13126994669437408,0.02298663587917949,-0.5579828792610635,-6.328564518248911,-6.328564518248911,-11.874335020038572,-5.545770501789661,-11.874335020038572,0.006270170211791992,0.00455864799914707,0.0017838260009739315,4.9559985200176015e-06
5.218352317810059,16.58642578125,6.8807148933410645,0.561070739026827,0.0,0.0,11.09820556640625,1.1504426002502441,-0.01230564034940574,0.0,0.0,0.07410192489624023,-0.26427218317985535,0.01936478251246672,-0.5792817712572735,-6.508634123862057,-6.508634123862057,-11.372404232672714,-4.863770108810658,-11.372404232672714,0.00636601448059082,0.004633311000361573,0.0018042970004898962,4.908999471808784e-06
5.224811553955078,16.63409423828125,7.746342182159424,0.5508861437082989,0.0,0.0,11.100326538085938,0.08625370264053345,-0.015029850660596655,0.0,0.0,0.07236480712890625,-0.2953037619590759,0.015563415321622701,-0.5971049682788969,-6.656636630466341,-6.656636630466341,-11.20213821969016,-4.54550158922382,-11.20213821969016,0.006459236145019531,0.004597127999659278,0.001777420999133028,4.7289995563915e-06
5.231207847595215,16.686767578125,8.533018112182617,0.5077758353556985,0.0,0.0,11.097503662109375,-0.6430911421775818,-0.01489002154454751,0.0,0.0,0.06964921951293945,-0.4730823040008545,0.011698019904655447,-0.6108802582253589,-6.738528693010116,-6.738528693010116,-10.338216357962747,-3.5996876649526315,-10.338216357962747,0.006396293640136719,0.004507110999838915,0.0018546100000094157,4.822999471798539e-06
5.237590789794922,16.7423095703125,9.124861717224121,0.47830846109129876,0.0,0.0,11.0911865234375,-1.1432563066482544,-0.013721398952645293,0.0,0.0,0.06632852554321289,-0.5404059290885925,0.007765375580627305,-0.620694622708491,-6.7759212600541385,-6.7759212600541385,-9.734529945167107,-2.9586086851129694,-9.734529945167107,0.006382942199707031,0.004534120998869184,0.0016832840010465588,4.425999577506445e-06
5.2438294887542725,16.80047607421875,9.62032413482666,0.4509195163575106,0.0,0.0,11.083755493164062,-1.188735008239746,-0.011679043737731754,0.0,0.0,0.06280517578125,-0.6009754538536072,0.0038731625417502205,-0.6264305642218646,-6.771694360913218,-6.771694360913218,-9.161691477302847,-2.389997116389629,-9.161691477302847,0.006238698959350586,0.004196066000076826,0.0016706770002201665,4.297999112168327e-06
5.2497172355651855,16.85943603515625,10.11217975616455,0.40443502385372204,0.0,0.0,11.077407836914062,-0.9819439649581909,-0.008308502515850635,0.0,0.0,0.0587005615234375,-0.7349612712860107,0.00017766576035033621,-0.6283145641151722,-6.711263807763804,-6.711263807763804,-8.1906452932173,-1.4793814854534957,-8.1906452932173,0.005887746810913086,0.004281056999388966,0.0016374839997297386,4.361001629149541e-06
5.255656719207764,16.923095703125,10.628223419189453,0.40679615720045387,0.0,0.0,11.07159423828125,-0.9775558114051819,-0.0068121454686526466,0.0,0.0,0.054624080657958984,-0.6312325596809387,-0.003551229012839026,-0.6267317534801654,-6.641811814009018,-6.641811814009018,-8.21950775098432,-1.5776959369753012,-8.21950775098432,0.005939483642578125,0.004357169998911559,0.001699578000625479,4.350000381236896e-06
5.261734247207642,16.9891357421875,11.192207336425781,0.3555048316373468,0.0,0.0,11.066177368164062,-0.8256980776786804,-0.0042538908032752005,0.0,0.0,0.04981803894042969,-0.8045760989189148,-0.007346155376023362,-0.6214999654818603,-6.511468165069601,-6.511468165069601,-7.162291611926921,-0.6508234468573204,-7.162291611926921,0.00607752799987793,0.004329037999923457,0.0016887130004761275,4.31300031777937e-06
5.267772912979126,17.05975341796875,11.68201732635498,0.3554698096702605,0.0,0.0,11.06085205078125,-0.8698055148124695,-0.0031367031305958126,0.0,0.0,0.04510164260864258,-0.6940057277679443,-0.011074444176690339,-0.6127129182624487,-6.371341977633099,-6.371341977633099,-7.1478833483808835,-0.7765413707477845,-7.1478833483808835,0.006038665771484375,0.004368848000012804,0.001651932001550449,4.3049985833931714e-06
5.273813962936401,17.13165283203125,12.208610534667969,0.28277038043031566,0.0,0.0,11.056884765625,-0.5773031711578369,-0.0015344703404070392,0.0,0.0,0.04168510437011719,-0.9377888441085815,-0.014740423967596792,-0.6003937692399618,-6.179190851008317,-6.179190851008317,-5.674235465543352,0.5049553854649657,-5.674235465543352,0.006041049957275391,0.004364898000858375,0.0016292099990096176,4.23700112150982e-06
5.27982759475708,17.2060546875,12.572481155395508,0.294979873344142,0.0,0.0,11.054763793945312,-0.26219576597213745,-0.0010695245988212635,0.0,0.0,0.03664112091064453,-0.7282634377479553,-0.01830546609781821,-0.5846955362920633,-5.97585205497739,-5.97585205497739,-5.912720468095042,0.06313158688234877,-5.912720468095042,0.006013631820678711,0.004307810999307549,0.0016407479997724295,4.134000846534036e-06
5.2857959270477295,17.28076171875,12.737725257873535,0.3042641544465618,0.0,0.0,11.055130004882812,0.14433027803897858,-0.0007878162428069911,0.0,0.0,0.032758235931396484,-0.6351087689399719,-0.02174039231693184,-0.5658154498427402,-5.771014342914137,-5.771014342914137,-6.0949495458979515,-0.3239352029838147,-6.0949495458979515,0.005968332290649414,0.0040895950005506165,0.00169388599897502,4.154000635026023e-06
5.291599273681641,17.3590087890625,13.135448455810547,0.29045213983516566,0.0,0.0,11.057113647460938,0.36566469073295593,-0.0005335644619918981,0.0,0.0,0.028899669647216797,-0.6481416821479797,-0.024963319833183464,-0.5444056709466158,-5.540931930487737,-5.540931930487737,-5.815589599917774,-0.27465766943003694,-5.815589599917774,0.005803346633911133,0.004430413999216398,0.0016565790010645287,4.053999873576686e-06
5.29770565032959,17.44012451171875,13.714996337890625,0.2737599613491697,0.0,0.0,11.05902099609375,0.21539393067359924,-0.0003518212015386769,0.0,0.0,0.024713516235351562,-0.6334025859832764,-0.02821094524425008,-0.5187556340848005,-5.2737658173642314,-5.2737658173642314,-5.479516051542043,-0.20575023417781169,-5.479516051542043,0.006106376647949219,0.0043327169987605885,0.0016434970002592308,4.167999577475712e-06
5.303701877593994,17.52325439453125,13.889503479003906,0.28312925412717904,0.0,0.0,11.060195922851562,0.16645106673240662,-0.0002709831146113773,0.0,0.0,0.021083354949951172,-0.5011677742004395,-0.031238529852639186,-0.4905963639466034,-5.0076662782782,-5.0076662782782,-5.665910028735048,-0.6582437504568486,-5.665910028735048,0.005996227264404297,0.004345584000475355,0.0017203789993800456,4.265000825398602e-06
5.309787750244141,17.60772705078125,14.187211036682129,0.2224015365432797,0.0,0.0,11.060943603515625,0.11918458342552185,-0.0001370527588402367,0.0,0.0,0.017817020416259766,-0.6833382248878479,-0.03413001807734536,-0.4591700693581467,-4.686691993140094,-4.686691993140094,-4.449712359808378,0.23697963333171645,-4.449712359808378,0.006085872650146484,0.004384903000755003,0.001634190999538987,4.325000190874562e-06
5.3158276081085205,17.69696044921875,14.801807403564453,0.1724146213121068,0.0,0.0,11.061203002929688,0.000809756456874311,-6.700856709120245e-05,0.0,0.0,0.013626575469970703,-0.7182440757751465,-0.03680241935860709,-0.4253269885958895,-4.327414971766338,-4.327414971766338,-3.4491146172493696,0.8783003545169682,-3.4491146172493696,0.006039857864379883,0.0043048410007031634,0.0016951249999692664,4.362998879514635e-06
5.3218488693237305,17.7874755859375,14.899572372436523,0.16430501537035527,0.0,0.0,11.060440063476562,-0.11975553631782532,-4.2172823136535436e-05,0.0,0.0,0.00996541976928711,-0.5771411061286926,-0.03925567990254969,-0.38915020586821436,-3.9714839808455986,-3.9714839808455986,-3.286617765359688,0.6848662154859102,-3.286617765359688,0.006021261215209961,0.004460486999960267,0.0015877069999987725,4.282001100364141e-06
5.3279173374176025,17.87847900390625,15.375862121582031,0.14166296987140709,0.0,0.0,11.060043334960938,-0.013964740559458733,-2.503117581181257e-05,0.0,0.0,0.006728172302246094,-0.551173746585846,-0.04150084931231679,-0.35043719160093456,-3.5976916899981006,-3.5976916899981006,-2.83356652841969,0.7641251615784106,-2.83356652841969,0.00606846809387207,0.004435284001374384,0.0016690630000084639,4.2190004023723304e-06
5.334042310714722,17.97235107421875,15.310340881347656,0.07105076955623217,0.0,0.0,11.061325073242188,0.4204413890838623,-8.971239340615184e-06,0.0,0.0,0.0028791427612304688,-0.7025660872459412,-0.04352228054520493,-0.3092989715013301,-3.1694257084067026,-3.1694257084067026,-1.4211254676809673,1.7483002407257353,-1.4211254676809673,0.006124973297119141,0.004345401001046412,0.001645874999667285,4.350999006419443e-06
5.3400537967681885,18.06536865234375,15.632929801940918,-0.007001865747234728,0.0,0.0,11.066635131835938,0.8149049282073975,6.533566417583352e-07,0.0,0.0,-0.0020847320556640625,-0.8058573007583618,-0.04525573426560311,-0.26714062140372336,-2.7009164969507715,-2.7009164969507715,0.1400453315906054,2.840961828541377,0.1400453315906054,0.006011486053466797,0.0044853840008727275,0.0016423580000264337,4.3149993871338665e-06
5.346201658248901,18.1611328125,15.5746431350708,-0.0836121173766789,0.0,0.0,11.071487426757812,0.8122897744178772,5.9428304363335065e-06,0.0,0.0,-0.007135868072509766,-0.8704445958137512,-0.046761456460649886,-0.22245180421137334,-2.1969237592556694,-2.1969237592556694,1.672315265698439,3.8692390249541084,1.672315265698439,0.006147861480712891,0.004324201001509209,0.0016312669995386386,4.170999091002159e-06
5.352177381515503,18.25360107421875,15.831562042236328,-0.13432639958894285,0.0,0.0,11.07440185546875,0.33984100818634033,7.472988596061774e-06,0.0,0.0,-0.01187276840209961,-0.8270465731620789,-0.04795773635457015,-0.17773998436463204,-1.6980514603596069,-1.6980514603596069,2.686619684890463,4.38467114525007,2.686619684890463,0.0059757232666015625,0.004160581000178354,0.0018001919997914229,4.418001481099054e-06
5.358158826828003,18.34954833984375,15.5130615234375,-0.16616324022776646,0.0,0.0,11.07525634765625,0.0944710373878479,7.415080030554506e-06,0.0,0.0,-0.016942977905273438,-0.7395590543746948,-0.04888446584355524,-0.13198219176165601,-1.195979382044827,-1.195979382044827,3.323355787132389,4.519335169177216,3.323355787132389,0.0059814453125,0.004402382999614929,0.0015835880003578495,3.94200105802156e-06
5.364165306091309,18.4410400390625,15.623310089111328,-0.2623505524090863,0.0,0.0,11.074066162109375,-0.20638343691825867,1.1487698369695495e-05,0.0,0.0,-0.021695613861083984,-0.945126473903656,-0.04953727599652107,-0.08528325233452017,-0.6533809778895423,-0.6533809778895423,5.247152001535952,5.900532979425494,5.247152001535952,0.006006479263305664,0.004167031000179122,0.001810080999348429,4.2100000428035855e-06
5.37016224861145,18.53472900390625,15.160067558288574,-0.288763968837337,0.0,0.0,11.07135009765625,-0.5003461241722107,1.341236689910951e-05,0.0,0.0,-0.02698373794555664,-0.7776075005531311,-0.049907633801425155,-0.038173830056139384,-0.12352572931703709,-0.12352572931703709,5.775443945665744,5.898969674982781,5.775443945665744,0.0059969425201416016,0.004242205999616999,0.0015930770005070372,3.93899972550571e-06
5.376017332077026,18.62152099609375,15.098294258117676,-0.381979779198925,0.0,0.0,11.06878662109375,-0.2920651435852051,2.446703147218346e-05,0.0,0.0,-0.03218841552734375,-0.966540515422821,-0.04999591417935706,0.008032313318069252,0.43120388803903953,0.43120388803903953,7.639895792953612,7.208691904914573,7.639895792953612,0.005855083465576172,0.00434189800034801,0.0016727379988878965,3.967999873566441e-06
5.382051229476929,18.7120361328125,14.577385902404785,-0.4221604042710906,0.0,0.0,11.067916870117188,-0.13168394565582275,4.053938416098802e-05,0.0,0.0,-0.037306785583496094,-0.8551359176635742,-0.049803842344401876,0.055601451086174085,0.9829254420444492,0.9829254420444492,8.443705501178377,7.460780059133927,8.443705501178377,0.006033897399902344,0.004078350000781938,0.0016591690000495873,4.367999281384982e-06
5.387808799743652,18.79376220703125,13.978513717651367,-0.4581619642939846,0.0,0.0,11.068115234375,0.07959217578172684,7.026131816937733e-05,0.0,0.0,-0.042087554931640625,-0.7951669096946716,-0.04935369315103473,0.10069809408700542,1.5057305530969982,1.5057305530969982,9.164101387943099,7.6583708348460995,9.164101387943099,0.005757570266723633,0.004210033999697771,0.0016380270008085063,4.367999281384982e-06
5.393677711486816,18.87530517578125,13.832148551940918,-0.5356728100542295,0.0,0.0,11.069122314453125,0.19385428726673126,0.00015650182516733672,0.0,0.0,-0.04754781723022461,-0.9167259931564331,-0.048629079096485485,0.1461229906994521,2.060530804482844,2.060530804482844,10.715376468878006,8.654845664395163,10.715376468878006,0.0058689117431640625,0.0043241749990556855,0.0016262540011666715,4.13799898524303e-06
5.399648189544678,18.95465087890625,13.036502838134766,-0.5733147709832833,0.0,0.0,11.069061279296875,-0.23254989087581635,0.00033352733285316584,0.0,0.0,-0.05266284942626953,-0.820667564868927,-0.04762066878772524,0.19151738544740707,2.6005807605097484,2.6005807605097484,11.470387779577873,8.869807019068125,11.470387779577873,0.005970478057861328,0.004369911001049331,0.0016727290003473172,4.048999471706338e-06
5.405710458755493,19.02996826171875,12.270180702209473,-0.5606709360966771,0.0,0.0,11.065322875976562,-0.6857314705848694,0.0005848451919072604,0.0,0.0,-0.05651521682739258,-0.5731498003005981,-0.04632264500375811,0.2365058253717729,3.091545733003975,3.091545733003975,11.220594736557992,8.129049003554016,11.220594736557992,0.00606226921081543,0.00428976200055331,0.001640921000216622,4.596999133354984e-06
5.411662578582764,19.10101318359375,11.593461036682129,-0.5621029305065812,0.0,0.0,11.060577392578125,-0.7371404767036438,0.0009965281079339628,0.0,0.0,-0.05950212478637695,-0.47437262535095215,-0.044786730051185074,0.27934361014404924,3.5464532283950647,3.5464532283950647,11.254285948878977,7.707832720483911,11.254285948878977,0.005952119827270508,0.0043722749996959465,0.001645320999159594,4.131999958190136e-06
5.417701482772827,19.16815185546875,10.872750282287598,-0.5884556005853396,0.0,0.0,11.057281494140625,-0.5297386646270752,0.0018166191446760372,0.0,0.0,-0.06219482421875,-0.47645503282546997,-0.04297252119211673,0.3212084342493423,3.9965654786154943,3.9965654786154943,11.791401817162384,7.794836338546891,11.791401817162384,0.0060389041900634766,0.004274626999176689,0.002024446001087199,4.898000042885542e-06
5.424022912979126,19.2344970703125,10.084491729736328,-0.59792383937174,0.0,0.0,11.056411743164062,0.058819953352212906,0.003132051942390229,0.0,0.0,-0.06494331359863281,-0.37394052743911743,-0.04080864573229877,0.36304730425041287,4.437873302075978,4.437873302075978,11.99690687261654,7.559033570540562,11.99690687261654,0.006321430206298828,0.004492820999075775,0.0018649490011739545,4.58999966213014e-06
5.430402040481567,19.2952880859375,9.227666854858398,-0.6411613423666075,0.0,0.0,11.056930541992188,0.09149075299501419,0.0054077094203538924,0.0,0.0,-0.06775236129760742,-0.4322870373725891,-0.038364151802805724,0.4029460881377712,4.878672503837981,4.878672503837981,12.88957911015692,8.010906606318938,12.88957911015692,0.006379127502441406,0.004792301000634325,0.0016897559999051737,4.689998604590073e-06
5.436906099319458,19.3515625,8.264507293701172,-0.6637279791719357,0.0,0.0,11.058517456054688,0.27874621748924255,0.008594344949288608,0.0,0.0,-0.07016468048095703,-0.367370069026947,-0.03561821510601312,0.4409601496901085,5.295635468312922,5.295635468312922,13.380011668703421,8.0843762003905,13.380011668703421,0.006504058837890625,0.0047459620000154246,0.0022051359992474318,4.944000465911813e-06
5.443880319595337,19.40631103515625,7.155691623687744,-0.6855500882756771,0.0,0.0,11.061141967773438,0.3342977464199066,0.013056321043771453,0.0,0.0,-0.0728001594543457,-0.32163193821907043,-0.032410095174794026,0.4784447756315967,5.710585871708313,5.710585871708313,13.87120202371532,8.160616152007007,13.87120202371532,0.006974220275878906,0.005183921000934788,0.0018733529996097786,5.062000127509236e-06
5.450959920883179,19.4534912109375,6.173768043518066,-0.7004473005235372,0.0,0.0,11.0645751953125,0.4185340404510498,0.018878182138094383,0.0,0.0,-0.07481575012207031,-0.26463964581489563,-0.028899188931361716,0.5127382394813884,6.090020940144405,6.090020940144405,14.240580147128686,8.150559206984282,14.240580147128686,0.007079601287841797,0.005207588999837753,0.0020365420004964108,5.538999175769277e-06
5.458226919174194,19.49212646484375,5.05186653137207,-0.7131510047210639,0.0,0.0,11.066375732421875,0.24480140209197998,0.02627174822188804,0.0,0.0,-0.07657957077026367,-0.21954970061779022,-0.02505788181037609,0.5437192166160203,6.438458764223102,6.438458764223102,14.585372833332091,8.146914069108988,14.585372833332091,0.007266998291015625,0.00530216900006053,0.0019898129994544433,1.7055001080734655e-05
5.465553283691406,19.5224609375,3.7641942501068115,-0.7174822641822163,0.0,0.0,11.070480346679688,0.996877908706665,0.035016209905696684,0.0,0.0,-0.07763957977294922,-0.15891270339488983,-0.02097389992466732,0.570365887200174,6.739507818978398,6.739507818978398,14.779292030942745,8.039784211964347,14.779292030942745,0.007326364517211914,0.004675640999266761,0.001669020999543136,5.112000508233905e-06
5.471920967102051,19.5416259765625,2.6854429244995117,-0.7077424433234123,0.0,0.0,11.080810546875,1.7015475034713745,0.04449063977107618,0.0,0.0,-0.07834148406982422,-0.07378234714269638,-0.017278753142883626,0.5896085236761655,6.961757747296794,6.961757747296794,14.7007462869586,7.738988539661806,14.7007462869586,0.006367683410644531,0.005047552000178257,0.0016735419994802214,4.371000613900833e-06
5.478662967681885,19.554931640625,1.6072648763656616,-0.6640607389208217,0.0,0.0,11.096343994140625,2.7656259536743164,0.05242556417137509,0.0,0.0,-0.07807445526123047,0.12314490228891373,-0.013246390472515438,0.6058676093483176,7.124676530171457,7.124676530171457,13.924473234490844,6.799796704319386,13.924473234490844,0.006742000579833984,0.00490951500069059,0.0019313270004204242,4.7959983930923045e-06
5.4855263233184814,19.560546875,0.39829206466674805,-0.6008375783944456,0.0,0.0,11.123062133789062,4.458436012268066,0.05822910356827977,0.0,0.0,-0.07631731033325195,0.3342725336551666,-0.009044022064021584,0.6179544743502123,7.210522140243733,7.210522140243733,12.731219096316202,5.52069695607247,12.731219096316202,0.00686335563659668,0.0047940080003172625,0.0016937149994191714,4.9270001909462735e-06
5.492036581039429,19.55987548828125,-0.38432440161705017,-0.518317314963042,0.0,0.0,11.157089233398438,6.01322603225708,0.05238286191784504,0.0,0.0,-0.07310914993286133,0.5931535363197327,-0.004995216716797167,0.6251750827793585,7.204795868807821,7.204795868807821,11.009080801304222,3.804284932496402,11.009080801304222,0.006510257720947266,0.005004111999369343,0.0019091089998255484,4.658999387174845e-06
5.498971700668335,19.5528564453125,-1.2742595672607422,-0.429197714570106,0.0,0.0,11.211517333984375,8.441922187805176,0.03372340721027715,0.0,0.0,-0.06797027587890625,0.8470041751861572,-0.000646081544643365,0.6282660738127902,7.1144008256040765,7.1144008256040765,8.99773842894119,1.883337603337114,8.99773842894119,0.00693511962890625,0.004595608999807155,0.0018976310002472019,4.916000762023032e-06
5.5054872035980225,19.54180908203125,-1.8790168762207031,-0.35518641977473514,0.0,0.0,11.277923583984375,10.395277976989746,0.017472971818924696,0.0,0.0,-0.061396121978759766,0.9854323863983154,0.0034449802205874878,0.6268253936908235,6.954554828035681,6.954554828035681,7.318120687746088,0.363565859710407,7.318120687746088,0.0065155029296875,0.005024071000661934,0.0019238719996792497,4.931000148644671e-06
5.512457609176636,19.5262451171875,-2.365626096725464,-0.2959483220445364,0.0,0.0,11.355850219726562,11.391579627990723,0.007920006355444724,0.0,0.0,-0.053917884826660156,1.0510774850845337,0.007795415123933758,0.6206351582401257,6.744110426376039,6.744110426376039,6.016144432979646,-0.7279659933963942,6.016144432979646,0.006970405578613281,0.005108898998514633,0.0018276260016136803,4.989999069948681e-06
5.5194172859191895,19.50811767578125,-2.84963059425354,-0.25558755429570246,0.0,0.0,11.431610107421875,11.962578773498535,0.003493357425456407,0.0,0.0,-0.047039031982421875,1.0489377975463867,0.012079536750981527,0.6097066261407107,6.505172336201586,6.505172336201586,5.154614367206921,-1.3505579689946643,5.154614367206921,0.006959676742553711,0.00463991300057387,0.001982010000574519,5.027999577578157e-06
5.526061773300171,19.4871826171875,-3.228403329849243,-0.1845170024492129,0.0,0.0,11.514663696289062,11.740433692932129,0.0011666769537482724,0.0,0.0,-0.03902149200439453,1.190868616104126,0.016083935671095517,0.5949226983457273,6.20327082343942,6.20327082343942,3.7046551036311177,-2.498615719808302,3.7046551036311177,0.006644487380981445,0.00509260400031053,0.0017755600001692073,5.136000254424289e-06
5.532952070236206,19.4647216796875,-3.3271450996398926,-0.12239917628329147,0.0,0.0,11.591415405273438,10.923640251159668,0.00038670745108541666,0.0,0.0,-0.030122756958007812,1.2437715530395508,0.020117755500077772,0.5752153597218891,5.848306497076685,5.848306497076685,2.4527284023661453,-3.3955780947105394,2.4527284023661453,0.006890296936035156,0.005569582001044182,0.0021717019990319386,5.32100057171192e-06
5.540716648101807,19.43695068359375,-3.6461455821990967,-0.08741165497032671,0.0,0.0,11.673492431640625,10.451807975769043,0.000147908871287077,0.0,0.0,-0.0210723876953125,1.1766451597213745,0.024481287846509936,0.547851467480002,5.44483573431427,5.44483573431427,1.7500479321830174,-3.694787802131253,1.7500479321830174,0.007764577865600586,0.004808961999515304,0.0019133469995722407,4.847001036978327e-06
5.547479867935181,19.41290283203125,-3.665860891342163,-0.02890335723278086,0.0,0.0,11.739456176757812,9.933367729187012,2.7881229562630013e-05,0.0,0.0,-0.01283884048461914,1.248136281967163,0.028093705962195015,0.5197593813397692,5.0285045469244976,5.0285045469244976,0.5784092456318373,-4.45009530129266,0.5784092456318373,0.0067632198333740234,0.004691273999924306,0.0017849609994300408,4.991999958292581e-06
5.553979158401489,19.38916015625,-3.6142210960388184,-0.03452454540027834,0.0,0.0,11.802108764648438,9.686454772949219,2.008336479020486e-05,0.0,0.0,-0.005890846252441406,1.032348871231079,0.0313743728978846,0.4892255648164896,4.636729810819014,4.636729810819014,0.6907373296594281,-3.9459924811595855,0.6907373296594281,0.006499290466308594,0.004573685000650585,0.0018991569995705504,5.128000339027494e-06
5.560474872589111,19.36505126953125,-3.717827081680298,-0.023615591886747056,0.0,0.0,11.864471435546875,9.897797584533691,8.714003533848305e-06,0.0,0.0,0.0004935264587402344,0.9675941467285156,0.03444424786527825,0.45544968619791865,4.23191581829793,4.23191581829793,0.47241875802369737,-3.7594970602742324,0.47241875802369737,0.00649571418762207,0.004497760000958806,0.0017194739994010888,4.203999196761288e-06
5.566714286804199,19.342529296875,-3.5983922481536865,-0.018991783172455083,0.0,0.0,11.920639038085938,9.457085609436035,4.652260127773881e-06,0.0,0.0,0.0059375762939453125,0.872535765171051,0.03717725541887677,0.4201476665355028,3.8346486241798385,3.8346486241798385,0.37989274639545334,-3.454755877784385,0.37989274639545334,0.006239414215087891,0.0043004569997719955,0.0016796030013210839,4.165000063949265e-06
5.572714567184448,19.3214111328125,-3.5172274112701416,-0.008649255353017037,0.0,0.0,11.974868774414062,8.70226001739502,1.465373659066713e-06,0.0,0.0,0.010983943939208984,0.809043824672699,0.03959023691126674,0.3837608164257463,3.4376768677312386,3.4376768677312386,0.17300308710523682,-3.2646737806260018,0.17300308710523682,0.0060002803802490234,0.004411170999446767,0.002008073999604676,4.159999662078917e-06
5.579153776168823,19.29852294921875,-3.5287530422210693,0.006136600685206793,0.0,0.0,12.030609130859375,8.301506042480469,-7.460738173792748e-07,0.0,0.0,0.01582050323486328,0.7471964955329895,0.041929116631133724,0.34229215305833266,3.0071276513158107,3.0071276513158107,-0.1227411679841035,-3.1298688192999142,-0.1227411679841035,0.006439208984375,0.004533087001618696,0.0017385019982611993,1.920400063681882e-05
5.585460424423218,19.2767333984375,-3.350127935409546,0.04434740809177474,0.0,0.0,12.081222534179688,7.622421741485596,-3.999613479352198e-06,0.0,0.0,0.020845890045166016,0.7713530659675598,0.04395396790133694,0.2995040168301874,2.5542852410259465,2.5542852410259465,-0.8869972368475101,-3.4412824778734565,-0.8869972368475101,0.006306648254394531,0.004547190999801387,0.0016312970001308713,4.011999408248812e-06
5.591658592224121,19.2564697265625,-3.320390224456787,0.029167860788374106,0.0,0.0,12.127120971679688,7.397562503814697,-2.0105765873625836e-06,0.0,0.0,0.024881839752197266,0.5459765195846558,0.045675209141090384,0.25561841013639736,2.130475225877019,2.130475225877019,-0.5833818854188602,-2.713857111295879,-0.5833818854188602,0.00619816780090332,0.004384841000501183,0.001957155998752569,4.294000973459333e-06
5.598036050796509,19.23504638671875,-3.2371599674224854,0.11170661243494015,0.0,0.0,12.171676635742188,6.718730449676514,-6.045532491042222e-06,0.0,0.0,0.028652191162109375,0.7810797691345215,0.04715706077917792,0.20884824757691553,1.6433538198632487,1.6433538198632487,-2.2342064270115745,-3.877560246874823,-2.2342064270115745,0.006377458572387695,0.004603229999702307,0.0016616140001133317,4.093999450560659e-06
5.604320287704468,19.21612548828125,-3.0674290657043457,0.16426370152032377,0.0,0.0,12.21337890625,6.373633861541748,-7.150607738524478e-06,0.0,0.0,0.033915042877197266,0.760208785533905,0.04832118328315036,0.1614488867884296,1.1333352389868967,1.1333352389868967,-3.285361767924737,-4.418697006911634,-3.285361767924737,0.006284236907958984,0.004739338999570464,0.0019539349996193778,4.128000000491738e-06
5.61103367805481,19.19647216796875,-2.8916091918945312,0.19531963092120952,0.0,0.0,12.251434326171875,6.043451309204102,-6.9895360490529315e-06,0.0,0.0,0.03826713562011719,0.6629841923713684,0.049231915901254475,0.10970841467159705,0.6054924155157944,0.6054924155157944,-3.9064783796027047,-4.511970795118499,-3.9064783796027047,0.006713390350341797,0.004253750999851036,0.0017075499999918975,3.962999471696094e-06
5.61701512336731,19.1795654296875,-2.7239043712615967,0.21985502825532838,0.0,0.0,12.289199829101562,6.1935272216796875,-6.9835137376379635e-06,0.0,0.0,0.042075157165527344,0.5891729593276978,0.04974850361699552,0.06294031765119168,0.1277815332772706,0.1277815332772706,-4.39718625239169,-4.524967785668961,-4.39718625239169,0.0059814453125,0.0044315459999779705,0.0015637489996151999,3.895000190823339e-06
5.623031139373779,19.16448974609375,-2.453134298324585,0.269344781868627,0.0,0.0,12.322555541992188,5.469748020172119,-8.861789079274378e-06,0.0,0.0,0.04572868347167969,0.6292405128479004,0.04998469731880967,0.01554391445007153,-0.36606322210492553,-0.36606322210492553,-5.387004370980872,-5.020941148875947,-5.387004370980872,0.0060160160064697266,0.004090967000593082,0.0016797629996290198,3.817000106209889e-06
5.628821611404419,19.1510009765625,-2.215496778488159,0.2951003170892781,0.0,0.0,12.355148315429688,5.6076154708862305,-1.0792601637440994e-05,0.0,0.0,0.04900217056274414,0.5447937250137329,0.049942353981536736,-0.030162637134425522,-0.8353904190126656,-0.8353904190126656,-5.902138766345527,-5.066748347332862,-5.902138766345527,0.0057904720306396484,0.004232573000990669,0.0016227340001933044,4.069999704370275e-06
5.634696006774902,19.1395263671875,-1.8486734628677368,0.3347751664731773,0.0,0.0,12.385101318359375,4.773175239562988,-1.5095789554002445e-05,0.0,0.0,0.05213737487792969,0.5426182150840759,0.04962931227843416,-0.0763673166248192,-1.3133249006478553,-1.3133249006478553,-6.695688553875246,-5.38236365322739,-6.695688553875246,0.0058743953704833984,0.004203767000944936,0.0017847399994934676,4.554000042844564e-06
5.640705347061157,19.13031005859375,-1.400020718574524,0.3656758467431173,0.0,0.0,12.414154052734375,5.052586555480957,-2.176112531928779e-05,0.0,0.0,0.055389404296875,0.4878601133823395,0.049029390174134095,-0.12320100714546842,-1.7956775249242098,-1.7956775249242098,-7.313783942534968,-5.518106417610759,-7.313783942534968,0.006009340286254883,0.004697758999100188,0.002125774000887759,4.948999048792757e-06
5.6475512981414795,19.1234130859375,-0.7989369630813599,0.3799037715126592,0.0,0.0,12.450820922851562,4.643711566925049,-3.023321349283044e-05,0.0,0.0,0.058327674865722656,0.36257466673851013,0.04800568198605806,-0.1756841968684283,-2.310822543002364,-2.310822543002364,-7.5984463899279335,-5.28762384692557,-7.5984463899279335,0.006845951080322266,0.005447871000797022,0.00194056199870829,5.074000000604428e-06
5.654962539672852,19.12127685546875,-0.05803632736206055,0.4057201472679853,0.0,0.0,12.481689453125,4.262773513793945,-4.517750874579845e-05,0.0,0.0,0.06073617935180664,0.3073732554912567,0.04649748369733028,-0.23102444791087545,-2.845930683539909,-2.845930683539909,-8.114957270620376,-5.269026587080467,-8.114957270620376,0.00741124153137207,0.005078265001429827,0.0019731929987756303,2.0064000636921264e-05
5.662051439285278,19.123779296875,0.5101748108863831,0.4442994126958687,0.0,0.0,12.513427734375,4.206109046936035,-7.480226390411458e-05,0.0,0.0,0.06293487548828125,0.30496302247047424,0.04467757001111844,-0.28209045683872463,-3.3518692578795717,-3.3518692578795717,-8.886906073106358,-5.535036815226786,-8.886906073106358,0.007088899612426758,0.005261940999844228,0.0018688110012590187,4.9390000640414655e-06
5.6692047119140625,19.12982177734375,1.127962350845337,0.4785587318169946,0.0,0.0,12.54058837890625,3.836400032043457,-0.0001290116521886551,0.0,0.0,0.06481742858886719,0.26746416091918945,0.04248203316060842,-0.3313513553442993,-3.842508669896244,-3.842508669896244,-9.572757601397383,-5.730248931501139,-9.572757601397383,0.00715327262878418,0.004717845000413945,0.001962995000212686,4.890998752671294e-06
5.675908803939819,19.13958740234375,1.6411598920822144,0.5004856745469243,0.0,0.0,12.565032958984375,3.7596585750579834,-0.00021956984166018875,0.0,0.0,0.06624269485473633,0.19602420926094055,0.04011258297800617,-0.3750973613993754,-4.278526536907276,-4.278526536907276,-10.012407599425046,-5.733881062517769,-10.012407599425046,0.006704092025756836,0.004480411000258755,0.001961378000487457,4.755000190925784e-06
5.682372331619263,19.152587890625,2.187706708908081,0.5247914378044869,0.0,0.0,12.590133666992188,3.825007200241089,-0.00038283690619463637,0.0,0.0,0.06727027893066406,0.16116108000278473,0.03755855325491987,-0.41475783134219235,-4.677484380118223,-4.677484380118223,-10.500526141441702,-5.823041761323479,-10.500526141441702,0.006463527679443359,0.004676298998674611,0.001765146000252571,4.585001079249196e-06
5.688835144042969,19.16986083984375,2.8089523315429688,0.542833829034169,0.0,0.0,12.61260986328125,3.23480224609375,-0.0006595087172199418,0.0,0.0,0.06810665130615234,0.1060267835855484,0.03475720190093737,-0.45167964350421447,-5.049605177990914,-5.049605177990914,-10.864768712182808,-5.815163534191895,-10.864768712182808,0.006462812423706055,0.00483103700025822,0.0018751240004348801,4.960998921887949e-06
5.695563793182373,19.19195556640625,3.5745787620544434,0.5713619339544327,0.0,0.0,12.633453369140625,3.0487091541290283,-0.0011937370530536494,0.0,0.0,0.06896305084228516,0.10481792688369751,0.03159745396472761,-0.486953088178394,-5.414948145183449,-5.414948145183449,-11.441885759493854,-6.026937614310405,-11.441885759493854,0.006728649139404297,0.005120396001075278,0.0019961170000897255,4.989999069948681e-06
5.70270299911499,19.22027587890625,4.191430568695068,0.5870173932475928,0.0,0.0,12.653305053710938,2.723386764526367,-0.0020931810058629325,0.0,0.0,0.06922578811645508,0.04288311302661896,0.027998585003944122,-0.5205692760473843,-5.7584551334054135,-5.7584551334054135,-11.76603106747714,-6.007575934071726,-11.76603106747714,0.0071392059326171875,0.004617823999069515,0.0018451539999659872,4.841000190936029e-06
5.709187746047974,19.25115966796875,5.037169456481934,0.581699578513571,0.0,0.0,12.669540405273438,2.5517921447753906,-0.0033119558542139996,0.0,0.0,0.06925535202026367,-0.07011053711175919,0.024533647971029318,-0.5474814666562814,-6.029289934833121,-6.029289934833121,-11.674629065414134,-5.6453391305810126,-11.674629065414134,0.0064847469329833984,0.004932325999106979,0.0022018700001353864,5.171999873709865e-06
5.716344833374023,19.29083251953125,5.768425464630127,0.5851453006101399,0.0,0.0,12.687362670898438,2.438706636428833,-0.005143613014714369,0.0,0.0,0.06862831115722656,-0.11082050949335098,0.020521396852240463,-0.572959292340563,-6.2833741352776125,-6.2833741352776125,-11.766017828332686,-5.482643693055072,-11.766017828332686,0.007157087326049805,0.004994696000721888,0.0018476159984857077,5.1510014600353315e-06
5.723210096359253,19.33380126953125,6.536661624908447,0.5810332067056003,0.0,0.0,12.703765869140625,2.5587244033813477,-0.0074924447627538575,0.0,0.0,0.06770181655883789,-0.17359724640846252,0.01651643761120202,-0.5930484615348458,-6.483319984960696,-6.483319984960696,-11.71259597168951,-5.229275986728814,-11.71259597168951,0.006865262985229492,0.0046648429997731,0.0016688229989085812,4.309000360080972e-06
5.729564189910889,19.37786865234375,7.437849998474121,0.5752244420941615,0.0,0.0,12.717132568359375,1.6856210231781006,-0.010350636695596192,0.0,0.0,0.06638669967651367,-0.21939969062805176,0.012699531320124583,-0.6077138800337111,-6.6284896505432656,-6.6284896505432656,-11.631490519126633,-5.003000868583366,-11.631490519126633,0.006354093551635742,0.004578756999762845,0.0017722270004014717,4.916999387205578e-06
5.735937595367432,19.42828369140625,8.038287162780762,0.5529963677525012,0.0,0.0,12.7225341796875,0.3775036334991455,-0.012649288947405241,0.0,0.0,0.06451606750488281,-0.3202210068702698,0.00878975500876449,-0.6185335872345458,-6.723879634436827,-6.723879634436827,-11.215133354400809,-4.491253719963981,-11.215133354400809,0.006373405456542969,0.004554488999929163,0.0018087980006384896,4.8790006985655054e-06
5.742323637008667,19.4825439453125,8.709750175476074,0.5146412569124555,0.0,0.0,12.719558715820312,-0.7679116129875183,-0.01309294868232993,0.0,0.0,0.06180763244628906,-0.45438000559806824,0.0048157243671573865,-0.6253974483029037,-6.760577293050357,-6.760577293050357,-10.453474815328898,-3.6928975222785407,-10.453474815328898,0.0063860416412353516,0.004664002000936307,0.0016791130001365673,4.056999387103133e-06
5.748687505722046,19.5404052734375,9.325116157531738,0.4745165815881519,0.0,0.0,12.714126586914062,-0.9868656992912292,-0.011809022176230236,0.0,0.0,0.058531761169433594,-0.5586268901824951,0.0008246270880882521,-0.6282330723503045,-6.7450817495213204,-6.7450817495213204,-9.635227609381873,-2.8901458598605525,-9.635227609381873,0.006363868713378906,0.004341589999967255,0.0018676700001378777,4.393999915919267e-06
5.754918813705444,19.602294921875,9.94973087310791,0.43109223208506053,0.0,0.0,12.708709716796875,-0.7478693723678589,-0.00923993372737835,0.0,0.0,0.054587364196777344,-0.6575186252593994,-0.003088614156377782,-0.6271186113308663,-6.677083361645151,-6.677083361645151,-8.73521806166621,-2.0581347000210597,-8.73521806166621,0.0062313079833984375,0.004505463999521453,0.0016954960010480136,4.630999683286063e-06
5.761141061782837,19.66796875,10.620415687561035,0.3869645121988235,0.0,0.0,12.703292846679688,-0.8982112407684326,-0.0063535901506691335,0.0,0.0,0.050162315368652344,-0.741347074508667,-0.00697728997579845,-0.6221708221025637,-6.562167258270623,-6.562167258270623,-7.817248405332425,-1.2550811470618017,-7.817248405332425,0.006222248077392578,0.004357701000117231,0.0018825279985321686,4.270999852451496e-06
5.76740288734436,19.73712158203125,10.912298202514648,0.35130761466710525,0.0,0.0,12.697113037109375,-1.0044679641723633,-0.004078914247810495,0.0,0.0,0.045482635498046875,-0.7765230536460876,-0.01084760578502647,-0.6133533951914723,-6.409580549088096,-6.409580549088096,-7.076200320921351,-0.666619771833255,-7.076200320921351,0.0062618255615234375,0.004420934001245769,0.001717334998829756,4.413999704411253e-06
5.773561954498291,19.8082275390625,11.76294231414795,0.33018088398866224,0.0,0.0,12.693069458007812,-0.495156854391098,-0.0026342117470454346,0.0,0.0,0.040567874908447266,-0.7543238997459412,-0.014589046009982499,-0.6009773613245476,-6.22934888098891,-6.22934888098891,-6.635939296300601,-0.4065904153116909,-6.635939296300601,0.006159067153930664,0.004760103000080562,0.0018242470014229184,5.1699989853659645e-06
5.78016996383667,19.88916015625,12.1298189163208,0.31787729034134315,0.0,0.0,12.692886352539062,0.25463980436325073,-0.0017435456000610846,0.0,0.0,0.035597801208496094,-0.7093387842178345,-0.018505477735099595,-0.5837004473721746,-6.017303372754379,-6.017303372754379,-6.37893900437309,-0.36163563161871104,-6.37893900437309,0.006608009338378906,0.005209602000832092,0.0019213260002288735,5.403000614023767e-06
5.787328004837036,19.97796630859375,12.482122421264648,0.31221877268554377,0.0,0.0,12.69586181640625,0.41666385531425476,-0.0012014106346340736,0.0,0.0,0.03095531463623047,-0.6443530321121216,-0.022603182973461214,-0.5604511299286451,-5.770330708443731,-5.770330708443731,-6.259116688491292,-0.48878598004756113,-6.259116688491292,0.007158041000366211,0.004820717000256991,0.0018581639997137245,5.316000169841573e-06
5.79405403137207,20.06317138671875,13.112434387207031,0.29771599322709535,0.0,0.0,12.6986083984375,0.38404521346092224,-0.0007980859023466532,0.0,0.0,0.026971817016601562,-0.626179039478302,-0.02628761578009749,-0.5344714320450732,-5.50535499820144,-5.50535499820144,-5.9641123296011305,-0.4587573313996903,-5.9641123296011305,0.00672602653503418,0.0044572469996637665,0.0016697520004527178,4.894000085187145e-06
5.800203800201416,20.146484375,13.41104793548584,0.2782095520984557,0.0,0.0,12.701080322265625,0.32999125123023987,-0.0005090123154280127,0.0,0.0,0.02268218994140625,-0.6152397394180298,-0.02949276191490501,-0.5073728733901656,-5.22398508081794,-5.22398508081794,-5.570436591851511,-0.34645151103357125,-5.570436591851511,0.006149768829345703,0.005149767001057626,0.0017935949999809964,5.689998943125829e-06
5.807170152664185,20.2384033203125,13.837259292602539,0.25573856603153233,0.0,0.0,12.702316284179688,0.1758648157119751,-0.00031089212025711894,0.0,0.0,0.019014358520507812,-0.5930442810058594,-0.03290984974942215,-0.47302693236550625,-4.8918897858356765,-4.8918897858356765,-5.118585947872971,-0.2266961620372941,-5.118585947872971,0.006966352462768555,0.004172210999968229,0.0018108630010829074,4.0619997889734805e-06
5.81317400932312,20.32672119140625,14.217439651489258,0.24796175690042982,0.0,0.0,12.70245361328125,-0.03152209892868996,-0.00020398898354587807,0.0,0.0,0.015490531921386719,-0.5118665099143982,-0.035653521771422135,-0.44050934701510386,-4.58006819254825,-4.58006819254825,-4.96173807032198,-0.38166987777372985,-4.96173807032198,0.006003856658935547,0.004311139999117586,0.001640517000851105,3.7249992601573467e-06
5.819145679473877,20.4093017578125,14.343405723571777,0.20359953918457302,0.0,0.0,12.702163696289062,-0.02569202333688736,-0.00010371385989563846,0.0,0.0,0.012436866760253906,-0.594461977481842,-0.0381812886841417,-0.4056795791754465,-4.236419812545988,-4.236419812545988,-4.073263346389535,0.16315646615645407,-4.073263346389535,0.005971670150756836,0.003862231000312022,0.0014838159986538813,3.895000190823339e-06
5.824510812759399,20.4896240234375,14.8342924118042,0.17983474040745076,0.0,0.0,12.702545166015625,0.1972070038318634,-5.888556387411538e-05,0.0,0.0,0.009477615356445312,-0.5479981303215027,-0.04026942169835801,-0.3724341702741758,-3.9075134223565735,-3.9075134223565735,-3.597417330405121,0.31009609195145227,-3.597417330405121,0.005365133285522461,0.004122144000575645,0.0016628419998596655,3.715000275406055e-06
5.83031439781189,20.57421875,15.082988739013672,0.12803593457525897,0.0,0.0,12.705001831054688,0.43759626150131226,-2.8166626611195177e-05,0.0,0.0,0.006275177001953125,-0.6221873164176941,-0.042321914800825214,-0.3345713349312635,-3.5236613592543016,-3.5236613592543016,-2.561064294285676,0.9625970649686258,-2.561064294285676,0.005803585052490234,0.003792867000811384,0.0016285450001305435,3.872999513987452e-06
5.835754871368408,20.65771484375,15.030689239501953,0.05126423973650816,0.0,0.0,12.708465576171875,0.6449646353721619,-7.88421439067296e-06,0.0,0.0,0.0019712448120117188,-0.7589335441589355,-0.04404185485731721,-0.29745823490537204,-3.1090177753888923,-3.1090177753888923,-1.0253815335570402,2.083636241831852,-1.0253815335570402,0.005440473556518555,0.003998443000455154,0.0016617840010439977,3.8130001485114917e-06
5.841434001922607,20.7440185546875,15.312623023986816,-0.0014951512250742163,0.0,0.0,12.712310791015625,0.6166598796844482,1.666156817114372e-07,0.0,0.0,-0.002341747283935547,-0.7457032203674316,-0.04561761789342128,-0.25723730138281414,-2.6677412830684446,-2.6677412830684446,0.02990506886567701,2.6976463519341216,0.02990506886567701,0.005679130554199219,0.003985959001511219,0.001738762999593746,3.879998985212296e-06
5.847177743911743,20.8330078125,15.502307891845703,0.022892832986822265,0.0,0.0,12.714691162109375,0.1931760311126709,-1.9090111170870583e-06,0.0,0.0,-0.0045986175537109375,-0.44909539818763733,-0.04697506541880086,-0.21522756786155764,-2.2729580700253695,-2.2729580700253695,-0.45788008318573414,1.8150779868396354,-0.45788008318573414,0.005743741989135742,0.004154276999543072,0.001652794000619906,3.7789995985804126e-06
5.853004693984985,20.92669677734375,15.663994789123535,-0.11067401058682919,0.0,0.0,12.71343994140625,-0.2459351271390915,7.109268446212295e-06,0.0,0.0,-0.009572982788085938,-0.8958638310432434,-0.04810218851761021,-0.17146510390141947,-1.7630870676847836,-1.7630870676847836,2.213567442024265,3.9766545097090487,2.213567442024265,0.0058269500732421875,0.004102147000594414,0.0016636729997117072,4.043000444653444e-06
5.858790159225464,21.01666259765625,15.597441673278809,-0.19415089560293528,0.0,0.0,12.711196899414062,-0.3102671802043915,9.861023111323405e-06,0.0,0.0,-0.014792919158935547,-0.9297994375228882,-0.04896625118455717,-0.12710450284571229,-1.237389663243131,-1.237389663243131,3.883138906207307,5.120528569450438,3.883138906207307,0.005785465240478516,0.003924593998817727,0.0016635169995424803,4.372001058072783e-06
5.864398956298828,21.10357666015625,15.398235321044922,-0.25532899450605157,0.0,0.0,12.709915161132812,-0.21587204933166504,1.2309952535168875e-05,0.0,0.0,-0.020293712615966797,-0.9043734669685364,-0.04955698888996257,-0.08345513218384853,-0.7154123528505287,-0.7154123528505287,5.106730932483422,5.822143285333951,5.106730932483422,0.005608797073364258,0.0045214199999463744,0.0018194669992226409,3.7820009310962632e-06
5.870759963989258,21.19952392578125,15.310871124267578,-0.2269891881206362,0.0,0.0,12.709320068359375,-0.026292026042938232,9.624338646848576e-06,0.0,0.0,-0.024720191955566406,-0.5424501299858093,-0.04992904286381054,-0.03346214428070984,-0.20291728525761166,-0.20291728525761166,4.539901852457468,4.742819137715079,4.539901852457468,0.0063610076904296875,0.0038795809996372554,0.0014630099994974444,3.866000042762607e-06
5.876122236251831,21.2821044921875,14.842669486999512,-0.3339926756081206,0.0,0.0,12.708328247070312,-0.11142981052398682,1.7165297805725588e-05,0.0,0.0,-0.029527664184570312,-0.8861231207847595,-0.049995028114409125,0.008860528578195343,0.3082168624641461,0.3082168624641461,6.680064129313396,6.37184726684925,6.680064129313396,0.005362272262573242,0.0043347890004952205,0.0016938629996730015,4.085000909981318e-06
5.8821704387664795,21.36993408203125,14.657845497131348,-0.3798920912927477,0.0,0.0,12.708145141601562,-0.031168431043624878,2.6494143441334078e-05,0.0,0.0,-0.033919334411621094,-0.7965662479400635,-0.04979715825530122,0.05653893454727559,0.8491924786964097,0.8491924786964097,7.598166907369563,6.748974428673153,7.598166907369563,0.0060482025146484375,0.004103056000531069,0.0016144519995577866,3.893999746651389e-06
5.887907266616821,21.4527587890625,14.242283821105957,-0.430694051714265,0.0,0.0,12.7078857421875,-0.10468330979347229,4.576078210418901e-05,0.0,0.0,-0.037541866302490234,-0.7919684052467346,-0.04934373994469865,0.10146543047352244,1.3630665608252217,1.3630665608252217,8.614442516274295,7.251375955449073,8.614442516274295,0.005736827850341797,0.003996621000624145,0.0015008979989943327,3.944000127376057e-06
5.893424034118652,21.52703857421875,13.657184600830078,-0.3966643434374214,0.0,0.0,12.7081298828125,0.0002506730961613357,5.581741823389948e-05,0.0,0.0,-0.04010009765625,-0.45568737387657166,-0.04866590004300444,0.1441742132171716,1.8008274879705142,1.8008274879705142,7.93397174504576,6.133144257075245,7.93397174504576,0.005516767501831055,0.004139213000598829,0.0018077259992423933,3.9120004657888785e-06
5.899389743804932,21.60821533203125,13.069499969482422,-0.5224695163389931,0.0,0.0,12.70794677734375,0.04577372223138809,0.00013600200503541154,0.0,0.0,-0.04535341262817383,-0.8742526769638062,-0.0476699144086119,0.18957287860083244,2.3572150203445794,2.3572150203445794,10.451059063037924,8.093844042693345,10.451059063037924,0.005965709686279297,0.00436680399980105,0.0016491850001330022,3.891998858307488e-06
5.905425071716309,21.68341064453125,12.770059585571289,-0.5200386448430939,0.0,0.0,12.708038330078125,0.06765235215425491,0.00023387318669576,0.0,0.0,-0.04894685745239258,-0.5732369422912598,-0.04638984266963315,0.23441670878156434,2.850452429545281,2.850452429545281,10.403642506514515,7.553190076969234,10.403642506514515,0.006035327911376953,0.0038556060007977067,0.0015137919999688165,3.830999048659578e-06
5.910814046859741,21.7486572265625,12.305360794067383,-0.5535092976049978,0.0,0.0,12.709136962890625,0.256599098443985,0.0004485254359516441,0.0,0.0,-0.051885128021240234,-0.5800523161888123,-0.04502121139964589,0.27332665640522924,3.2924703039237126,3.2924703039237126,11.075689331682046,7.783219027758332,11.075689331682046,0.005388975143432617,0.0038116680007078685,0.001487155999711831,3.7299996620276943e-06
5.916132211685181,21.811279296875,11.571752548217773,-0.5157271620089118,0.0,0.0,12.709609985351562,0.01066660787910223,0.0006370076398314661,0.0,0.0,-0.054476261138916016,-0.2784397602081299,-0.04346819632418187,0.31049767781968735,3.67476152477655,3.67476152477655,10.322359284838548,6.6475977600619975,10.322359284838548,0.005318164825439453,0.004006997998658335,0.0015802670004632091,3.8310008676489815e-06
5.921738862991333,21.873046875,11.221776008605957,-0.6109680912029767,0.0,0.0,12.707778930664062,-0.2990764081478119,0.0014039509688888877,0.0,0.0,-0.056803226470947266,-0.6144349575042725,-0.04162094179243317,0.34818081983637783,4.115386864213522,4.115386864213522,12.236588216315408,8.121201352101886,12.236588216315408,0.005606651306152344,0.0041220750008506,0.0015340439986175625,3.735000063898042e-06
5.927413702011108,21.93170166015625,10.229279518127441,-0.6578642646191997,0.0,0.0,12.707351684570312,0.05732211843132973,0.0026431244140528365,0.0,0.0,-0.06062793731689453,-0.5786468982696533,-0.03954096081066796,0.3845622359834679,4.558042939867303,4.558042939867303,13.18971626678874,8.631673326921437,13.18971626678874,0.005674839019775391,0.003971747999457875,0.001588904000527691,3.6159999581286684e-06
5.932993412017822,21.9866943359375,9.348946571350098,-0.6729203977130678,0.0,0.0,12.707870483398438,0.04637721925973892,0.004470211913522377,0.0,0.0,-0.06324291229248047,-0.4604237675666809,-0.03729981400047222,0.41842879521420095,4.9525715374976045,4.9525715374976045,13.513257180192776,8.560685642695171,13.513257180192776,0.005579710006713867,0.0038933630003157305,0.0015140409996092785,3.836001269519329e-06
5.938419580459595,22.0328369140625,8.441546440124512,-0.7087196334129604,0.0,0.0,12.708099365234375,0.07697302848100662,0.007402589731340819,0.0,0.0,-0.06549739837646484,-0.4882461726665497,-0.034944428735209664,0.44939261730270263,5.326213014669904,5.326213014669904,14.265221990113881,8.939008975443977,14.265221990113881,0.005426168441772461,0.004340379999121069,0.0021565290007856674,4.956000339007005e-06
5.944938898086548,22.08673095703125,7.399956226348877,-0.7397819203956815,0.0,0.0,12.71014404296875,0.26546528935432434,0.011611898945821398,0.0,0.0,-0.06929922103881836,-0.4628200829029083,-0.03190077122130191,0.4838200862146087,5.7472906175230865,5.7472906175230865,14.938115695588861,9.190825078065775,14.938115695588861,0.006519317626953125,0.005389248000938096,0.002312484999492881,4.57199894299265e-06
5.952662706375122,22.13818359375,6.177238464355469,-0.7489285289494094,0.0,0.0,12.709854125976562,-0.12483711540699005,0.016960599340007786,0.0,0.0,-0.07205915451049805,-0.3518249988555908,-0.028019556576422,0.5203910606437584,6.167981869311328,6.167981869311328,15.186676092357313,9.018694223045985,15.186676092357313,0.007723808288574219,0.005205653000302846,0.0020923479987686733,5.150999641045928e-06
5.9599833488464355,22.1756591796875,4.909289360046387,-0.7447435809740008,0.0,0.0,12.709121704101562,0.200581893324852,0.023457879262034707,0.0,0.0,-0.07437276840209961,-0.24058298766613007,-0.024096851298284684,0.5505363763763343,6.517229693769015,6.517229693769015,15.182698358884288,8.665468665115274,15.182698358884288,0.0073206424713134766,0.004751047999889124,0.0021551579993683845,5.0960006774403155e-06
5.966913223266602,22.2044677734375,3.6536123752593994,-0.7560117708581061,0.0,0.0,12.711868286132812,0.30949077010154724,0.032045243583228446,0.0,0.0,-0.0762181282043457,-0.23631198704242706,-0.02019521188584371,0.574786590950777,6.814516847575302,6.814516847575302,15.513428589952643,8.69891174237734,15.513428589952643,0.006929874420166016,0.004764141998748528,0.0020964970008208184,4.982999598723836e-06
5.973796367645264,22.223876953125,2.323706865310669,-0.7193199373734916,0.0,0.0,12.715866088867188,0.7902919054031372,0.039830417172414666,0.0,0.0,-0.07690000534057617,-0.0290796160697937,-0.016168305241735608,0.5945614492208616,7.03451950530042,7.03451950530042,14.875115522579268,7.840596017278848,14.875115522579268,0.006883144378662109,0.005993331998979556,0.002094092000334058,4.973999239155091e-06
5.981906175613403,22.235595703125,0.8786165714263916,-0.7033078822716109,0.0,0.0,12.725570678710938,1.4478360414505005,0.049532495175005783,0.0,0.0,-0.07688045501708984,0.018485823646187782,-0.011270980159204793,0.6121467258012452,7.231964798136413,7.231964798136413,14.673918322410959,7.441953524274545,14.673918322410959,0.008109807968139648,0.005403663000834058,0.002088601999275852,5.18200067745056e-06
5.9894208908081055,22.23699951171875,-0.19844350218772888,-0.6770400059836656,0.0,0.0,12.741134643554688,2.6106860637664795,0.05920601355963612,0.0,0.0,-0.07642173767089844,0.10650558769702911,-0.00662748840630186,0.6227744686023139,7.354153358530598,7.354153358530598,14.267254273761118,6.913100915230519,14.267254273761118,0.0075147151947021484,0.005747896000684705,0.0021966170006635366,5.0889993872260675e-06
5.997387886047363,22.229248046875,-1.3671050071716309,-0.5861466068277826,0.0,0.0,12.772216796875,5.128372669219971,0.06228218418381459,0.0,0.0,-0.0745077133178711,0.4447593092918396,-0.0016409448864229755,0.6279800648780562,7.370700306200229,7.370700306200229,12.487130715479058,5.116430409278829,12.487130715479058,0.007966995239257812,0.004995462000806583,0.002143544999853475,4.854000508203171e-06
6.004549264907837,22.21514892578125,-2.240844249725342,-0.4767961827568189,0.0,0.0,12.818679809570312,7.025148391723633,0.0459250520656729,0.0,0.0,-0.06958246231079102,0.7774426937103271,0.0028568307565958826,0.627292090233375,7.257452644631039,7.257452644631039,10.09942122648024,2.8419685818492013,10.09942122648024,0.007161378860473633,0.004848863000006531,0.0020656199994846247,4.836001608055085e-06
6.011486053466797,22.19610595703125,-2.9873387813568115,-0.3828457750679692,0.0,0.0,12.881271362304688,9.516593933105469,0.02481638308243617,0.0,0.0,-0.0631866455078125,0.9774600267410278,0.00719186749489147,0.6217848614197914,7.062807841818083,7.062807841818083,7.961410999295773,0.89860315747769,7.961410999295773,0.006936788558959961,0.004811800999959814,0.0018577259997982765,4.982999598723836e-06
6.018178462982178,22.1739501953125,-3.572409152984619,-0.305507976091014,0.0,0.0,12.9512939453125,11.187239646911621,0.010827678714593456,0.0,0.0,-0.056537628173828125,1.084572434425354,0.011322785013478519,0.6119957362715442,6.8175444822822335,6.8175444822822335,6.243014475370252,-0.5745300069119816,6.243014475370252,0.006692409515380859,0.004461636999621987,0.001890670999273425,4.728000931208953e-06
6.024552583694458,22.14990234375,-3.907179117202759,-0.23180794367941002,0.0,0.0,13.024810791015625,11.398174285888672,0.003812012648166942,0.0,0.0,-0.049024105072021484,1.177733302116394,0.01518324595097291,0.5986486334928794,6.522971181284895,6.522971181284895,4.682932034914233,-1.8400391463706616,4.682932034914233,0.0063741207122802734,0.004541606998827774,0.0020830100002058316,5.0319995352765545e-06
6.031199216842651,22.1214599609375,-4.295914173126221,-0.166480028843001,0.0,0.0,13.104965209960938,11.097352027893066,0.0012432738485818962,0.0,0.0,-0.04002952575683594,1.2275447845458984,0.019104688577052772,0.5806439559260884,6.17291832083747,6.17291832083747,3.344855470707269,-2.8280628501302005,3.344855470707269,0.006646633148193359,0.005325374000676675,0.0018754100001387997,4.584999260259792e-06
6.038421869277954,22.08941650390625,-4.368081569671631,-0.13746047876666379,0.0,0.0,13.183624267578125,10.906004905700684,0.0005044792204941727,0.0,0.0,-0.033280372619628906,1.1393486261367798,0.023214085828041613,0.556493918338123,5.813606722173638,5.813606722173638,2.7553995044189388,-3.0582072177546995,2.7553995044189388,0.007222652435302734,0.005249267000181135,0.0017494599997007754,4.888999683316797e-06
6.045442581176758,22.0577392578125,-4.728533744812012,-0.1027890593704161,0.0,0.0,13.253326416015625,10.012521743774414,0.00019903388422279377,0.0,0.0,-0.02510547637939453,1.1191006898880005,0.027025716546952627,0.528626249992611,5.4123826842897556,5.4123826842897556,2.058223320957007,-3.3541593633327484,2.058223320957007,0.007020711898803711,0.004864573000304517,0.002021377000346547,4.3719992390833795e-06
6.052349328994751,22.0252685546875,-4.707761287689209,-0.0368274347543701,0.0,0.0,13.317596435546875,9.260345458984375,4.010835242417924e-05,0.0,0.0,-0.01726675033569336,1.2232989072799683,0.03057049430804523,0.49719729130751145,4.968933149572501,4.968933149572501,0.7370408221109992,-4.231892327461502,0.7370408221109992,0.006906747817993164,0.0049544390003575245,0.0019113560010737274,5.146999683347531e-06
6.059237957000732,21.9921875,-4.91382360458374,-0.03772513220622642,0.0,0.0,13.382858276367188,8.946046829223633,2.4477610973856766e-05,0.0,0.0,-0.009433269500732422,1.0049004554748535,0.03387675692353574,0.4621222507508008,4.528026694953936,4.528026694953936,0.7548029829094762,-3.7732237120444596,0.7548029829094762,0.006888628005981445,0.004921764000755502,0.0018101769983331906,4.635001459973864e-06
6.065991401672363,21.9603271484375,-4.665822982788086,-0.007252986760121111,0.0,0.0,13.442626953125,8.75860595703125,2.9527219752686707e-06,0.0,0.0,-0.0035238265991210938,1.0041537284851074,0.03687200717487003,0.4243741847921816,4.0814980533706064,4.0814980533706064,0.14509596491990928,-3.936402088450697,0.14509596491990928,0.006753444671630859,0.005326886999682756,0.00207521300035296,5.023000994697213e-06
6.073416233062744,21.9246826171875,-4.799614429473877,0.02169082172660904,0.0,0.0,13.505218505859375,8.293024063110352,-5.804868005350846e-06,0.0,0.0,0.0036149024963378906,0.9494907259941101,0.039857966302664506,0.3793592528073527,3.5697632949931006,3.5697632949931006,-0.4338876599064778,-4.0036509548995785,-0.4338876599064778,0.007424831390380859,0.004979712999556796,0.0018948529996123398,4.9660011427477e-06
6.0803139209747314,21.893310546875,-4.425199031829834,0.013670113433002607,0.0,0.0,13.558853149414062,7.76451301574707,-2.5079453429143247e-06,0.0,0.0,0.009450435638427734,0.7509902119636536,0.042321755264020676,0.3345745217276028,3.096403421102373,3.096403421102373,-0.2734330409955472,-3.36983646209792,-0.2734330409955472,0.006897687911987305,0.004815416999917943,0.0020039520004502265,4.776000423589721e-06
6.087155342102051,21.862548828125,-4.562759876251221,0.04634732985419532,0.0,0.0,13.608123779296875,7.26839017868042,-6.053371288733994e-06,0.0,0.0,0.013935565948486328,0.7707362771034241,0.044451594783364565,0.28767266543834474,2.6098887507375537,2.6098887507375537,-0.9270208715782449,-3.5369096223157985,-0.9270208715782449,0.006841421127319336,0.004793071999301901,0.0021235240001260536,4.817000444745645e-06
6.0940937995910645,21.8321533203125,-4.273073673248291,0.08238896436940929,0.0,0.0,13.657440185546875,6.510347843170166,-7.925480791871887e-06,0.0,0.0,0.020163536071777344,0.7440873384475708,0.04627621087324671,0.23793695451129637,2.0804248214297014,2.0804248214297014,-1.6478765325512739,-3.7283013539809753,-1.6478765325512739,0.006938457489013672,0.005023386000175378,0.001900852999824565,4.706000254373066e-06
6.10103964805603,21.802490234375,-4.355611324310303,0.12862655278449578,0.0,0.0,13.70123291015625,6.362865924835205,-9.396211563968506e-06,0.0,0.0,0.024584293365478516,0.7471847534179688,0.04775062109478148,0.18633778803012466,1.5463731877123341,1.5463731877123341,-2.5726463466293477,-4.119019534341682,-2.5726463466293477,0.00694584846496582,0.004595093001626083,0.0019353129991941387,5.191999662201852e-06
6.107593536376953,21.7752685546875,-4.002969264984131,0.1672519400363098,0.0,0.0,13.740020751953125,5.462178707122803,-9.537012330199674e-06,0.0,0.0,0.029675006866455078,0.7033959627151489,0.048808624803617695,0.13634259905432683,1.018176265623973,1.018176265623973,-3.3451558192823914,-4.363332084906364,-3.3451558192823914,0.0065538883209228516,0.004686698001023615,0.0020284639995225007,4.772000465891324e-06
6.114331245422363,21.7489013671875,-3.9177050590515137,0.20273466948124186,0.0,0.0,13.774658203125,5.390786647796631,-9.323346213792966e-06,0.0,0.0,0.03393411636352539,0.6505898237228394,0.04955132013095115,0.08398498867643076,0.4801541194902172,0.4801541194902172,-4.054807786510893,-4.534961906001111,-4.054807786510893,0.006737709045410156,0.004874590000326862,0.0022220280006877147,5.175999831408262e-06
6.121450424194336,21.72210693359375,-3.521259069442749,0.26905274667415524,0.0,0.0,13.812835693359375,4.844204902648926,-1.2340236292271377e-05,0.0,0.0,0.03901338577270508,0.7170881032943726,0.04995026746013959,0.028017034442329836,-0.11334387655334174,-0.11334387655334174,-5.381206347425337,-5.267862470871996,-5.381206347425337,0.007119178771972656,0.005027483000958455,0.0020663079994847067,5.0559992814669386e-06
6.1285669803619385,21.69940185546875,-3.172205686569214,0.2967484244340783,0.0,0.0,13.847488403320312,4.989311218261719,-1.4704623511786432e-05,0.0,0.0,0.04341459274291992,0.5862723588943481,0.04994977864140575,-0.02815431795352761,-0.6896504800281127,-0.6896504800281127,-5.935148913509926,-5.2454984334818135,-5.935148913509926,0.007116556167602539,0.00523015100043267,0.0018744570006674621,5.04200033901725e-06
6.13569450378418,21.67755126953125,-2.9255542755126953,0.32333723215338056,0.0,0.0,13.8804931640625,4.404784202575684,-1.8543070745875878e-05,0.0,0.0,0.04714345932006836,0.5008866190910339,0.049549154990152944,-0.08418646746164647,-1.2535919905790558,-1.2535919905790558,-6.466972165408045,-5.213380174828989,-6.466972165408045,0.007127523422241211,0.004789819999132305,0.0018436999998812098,5.091000275569968e-06
6.142351150512695,21.6607666015625,-2.29355788230896,0.3372968775741154,0.0,0.0,13.90716552734375,4.100032329559326,-2.2967071117272155e-05,0.0,0.0,0.05000495910644531,0.38869741559028625,0.04881615454545999,-0.13591623763875718,-1.7643370082515575,-1.7643370082515575,-6.746219356035887,-4.981882347784329,-6.746219356035887,0.006656646728515625,0.004688223998527974,0.0018254860005981755,4.577999789034948e-06
6.1488869190216064,21.648681640625,-1.7004133462905884,0.37325903707859964,0.0,0.0,13.936859130859375,4.478031158447266,-3.289838365642274e-05,0.0,0.0,0.0525360107421875,0.3897870182991028,0.04776428409055406,-0.1857839895952784,-2.2644127981525477,-2.2644127981525477,-7.4655844027211415,-5.201171604568594,-7.4655844027211415,0.006535768508911133,0.004479467001146986,0.001752011999997194,4.940999133395962e-06
6.15514063835144,21.6402587890625,-1.1882743835449219,0.4132312037586431,0.0,0.0,13.961807250976562,3.982646942138672,-5.15466788504307e-05,0.0,0.0,0.054930686950683594,0.3863021433353424,0.04645622213254193,-0.2323315735083678,-2.74188838679011,-2.74188838679011,-8.265256549759968,-5.523368162969858,-8.265256549759968,0.006253719329833984,0.0045287970006029354,0.0021197549995122245,5.211000825511292e-06
6.16181206703186,21.63494873046875,-0.5637509822845459,0.44013338320525236,0.0,0.0,13.988372802734375,3.9638638496398926,-8.109634698410989e-05,0.0,0.0,0.057267189025878906,0.3126157224178314,0.04474489240956874,-0.2804003642672448,-3.227886602363,-3.227886602363,-8.803662711307283,-5.575776108944281,-8.803662711307283,0.006671428680419922,0.0046862039998814,0.0018551699995441595,4.868001269642264e-06
6.168376684188843,21.634033203125,-0.029663503170013428,0.4691255321497498,0.0,0.0,14.012252807617188,3.6165244579315186,-0.0001334918891882389,0.0,0.0,0.05905914306640625,0.27267682552337646,0.042754096567404316,-0.32577869913434837,-3.687074304307828,-3.687074304307828,-9.384148580285608,-5.69707427597778,-9.384148580285608,0.006564617156982422,0.0044787900005758274,0.0020866439990641084,4.859000910073519e-06
6.174964666366577,21.63677978515625,0.6122079491615295,0.49505965714497113,0.0,0.0,14.03472900390625,3.127377986907959,-0.00022448365562575606,0.0,0.0,0.06074953079223633,0.2245442271232605,0.040463895019977006,-0.3690906275606385,-4.12771608174844,-4.12771608174844,-9.903947543581879,-5.776231461833437,-9.903947543581879,0.006587982177734375,0.004911111000183155,0.0019269179992988938,4.864999937126413e-06
6.181825399398804,21.64385986328125,1.2258343696594238,0.5171310335830649,0.0,0.0,14.055252075195312,3.032047748565674,-0.0003801558110518854,0.0,0.0,0.061980247497558594,0.16748395562171936,0.03778450880838349,-0.41150420093941503,-4.5552235803168575,-4.5552235803168575,-10.347285160140345,-5.792061579823487,-10.347285160140345,0.0068607330322265625,0.004540692998489249,0.0016660560013406212,4.923998858430423e-06
6.18805456161499,21.65399169921875,1.822805404663086,0.5377217879994431,0.0,0.0,14.073486328125,2.8312690258026123,-0.0006482061219809282,0.0,0.0,0.0628824234008789,0.12820076942443848,0.035108097315314106,-0.44737364863016554,-4.9233681486506695,-4.9233681486506695,-10.762389209338124,-5.839021060687454,-10.762389209338124,0.0062291622161865234,0.004691280000770348,0.0021556520005105995,4.692999937105924e-06
6.194923639297485,21.6697998046875,2.52303409576416,0.5484430508251915,0.0,0.0,14.09259033203125,2.8732752799987793,-0.0010649352536574784,0.0,0.0,0.0634150505065918,0.048768267035484314,0.031908153143446194,-0.4837432101351829,-5.287939897452198,-5.287939897452198,-10.98192770673243,-5.693987809280232,-10.98192770673243,0.006869077682495117,0.004458805000467692,0.0017670500001258915,4.5859997044317424e-06
6.201170444488525,21.68865966796875,3.199070453643799,0.5763516798237763,0.0,0.0,14.109848022460938,2.5620555877685547,-0.0018651390870779916,0.0,0.0,0.06386899948120117,0.07124108076095581,0.028791144425261823,-0.5136971847774227,-5.604965447978207,-5.604965447978207,-11.54991873864769,-5.944953290669483,-11.54991873864769,0.006246805191040039,0.0047104860004765214,0.0019005119993380504,5.2890009101247415e-06
6.2078046798706055,21.71221923828125,3.771596670150757,0.5850064702954519,0.0,0.0,14.125473022460938,2.2441461086273193,-0.003080232027836675,0.0,0.0,0.06400728225708008,-0.004197911359369755,0.025287107620007705,-0.5420407772306257,-5.900068995665565,-5.900068995665565,-11.73792366391836,-5.837854668252795,-11.73792366391836,0.006634235382080078,0.0046770829994784435,0.0017921660000865813,4.420000550453551e-06
6.214295864105225,21.7393798828125,4.566537857055664,0.6002695225785927,0.0,0.0,14.137664794921875,1.8299593925476074,-0.005086370826089331,0.0,0.0,0.06377649307250977,-0.017093010246753693,0.021688441012938264,-0.5661302020382013,-6.157829735865856,-6.157829735865856,-12.067799909559119,-5.909970173693263,-12.067799909559119,0.006491184234619141,0.0044467419993452495,0.001746444000673364,4.300998625694774e-06
6.220510244369507,21.77117919921875,5.140517234802246,0.587800187895682,0.0,0.0,14.146133422851562,1.1271820068359375,-0.007477405884369235,0.0,0.0,0.06324291229248047,-0.13630416989326477,0.01810776869766906,-0.5856668501653638,-6.358867512582709,-6.358867512582709,-11.847751069375999,-5.488883556793289,-11.847751069375999,0.0062143802642822266,0.004466942000362906,0.0017818169999372913,4.21699951402843e-06
6.226779460906982,21.80657958984375,6.010538101196289,0.5733126572805175,0.0,0.0,14.150222778320312,0.565139889717102,-0.0101309895239206,0.0,0.0,0.061945438385009766,-0.2149338722229004,0.014383729439088081,-0.6017583839450488,-6.515346756837397,-6.515346756837397,-11.59055976553265,-5.075213008695253,-11.59055976553265,0.006269216537475586,0.004375762999188737,0.0017115539994847495,5.77100036025513e-06
6.2328925132751465,21.84625244140625,6.512135982513428,0.5456899069340331,0.0,0.0,14.150436401367188,-0.2299339324235916,-0.012011157374404492,0.0,0.0,0.060179710388183594,-0.32757747173309326,0.010666346489458241,-0.6138551849968629,-6.619247973210783,-6.619247973210783,-11.061174302780099,-4.441926329569315,-11.061174302780099,0.0061130523681640625,0.004485430999920936,0.0017926099990290822,6.149000910227187e-06
6.239201307296753,21.8922119140625,7.2928900718688965,0.5241103349632835,0.0,0.0,14.14617919921875,-0.8764506578445435,-0.013239447911819585,0.0,0.0,0.05783987045288086,-0.38634777069091797,0.006764214006159768,-0.6225422882191927,-6.68422097460641,-6.68422097460641,-10.644653912903568,-3.9604329382971586,-10.644653912903568,0.006308794021606445,0.004305250000470551,0.0018416589991829824,4.499999704421498e-06
6.245374441146851,21.9395751953125,8.089335441589355,0.4915390752297548,0.0,0.0,14.13909912109375,-1.3256616592407227,-0.012787086892617074,0.0,0.0,0.05490589141845703,-0.48622679710388184,0.0029046880247230386,-0.6272573832537136,-6.697108487253898,-6.697108487253898,-9.987678276279727,-3.29056978902583,-9.987678276279727,0.006173133850097656,0.00424664400088659,0.001661009999224916,4.180999894742854e-06
6.25130295753479,21.988525390625,8.57939338684082,0.45187562468903825,0.0,0.0,14.130294799804688,-1.3655446767807007,-0.010729136292030084,0.0,0.0,0.051554203033447266,-0.591596782207489,-0.00081863578472198,-0.6282343097125559,-6.6600536481485335,-6.6600536481485335,-9.169158337851464,-2.509104689702931,-9.169158337851464,0.005928516387939453,0.00445044499974756,0.0017716120000841329,4.8719994083512574e-06
6.25754714012146,22.04461669921875,9.083391189575195,0.42323238326663565,0.0,0.0,14.12139892578125,-1.4505635499954224,-0.008489899120780851,0.0,0.0,0.047570228576660156,-0.6275458335876465,-0.00473490240023277,-0.6254948936446815,-6.584400548785157,-6.584400548785157,-8.568818206689382,-1.9844176579042245,-8.568818206689382,0.006244182586669922,0.004307863000576617,0.0016660959990986157,4.214000000501983e-06
6.263542652130127,22.10205078125,9.643512725830078,0.3971620569886809,0.0,0.0,14.112884521484375,-1.4860955476760864,-0.0063262191591632235,0.0,0.0,0.04356956481933594,-0.6573929190635681,-0.008468085433284148,-0.6192418172272294,-6.475347710477203,-6.475347710477203,-8.020863460743005,-1.5455157502658017,-8.020863460743005,0.005995512008666992,0.0042849910005315905,0.0017151600004581269,4.116000127396546e-06
6.2695631980896,22.16253662109375,10.135565757751465,0.35486421296207,0.0,0.0,14.104736328125,-1.241090178489685,-0.004050313243230794,0.0,0.0,0.039113521575927734,-0.7499701380729675,-0.012168480012333586,-0.6094272704033883,-6.319563918779484,-6.319563918779484,-7.1469813542491245,-0.82741743546964,-7.1469813542491245,0.006020545959472656,0.004359732000011718,0.0018268129988427972,4.0930008253781125e-06
6.275769948959351,22.228515625,10.652899742126465,0.3887708391754318,0.0,0.0,14.096832275390625,-1.3801255226135254,-0.0036215920830695563,0.0,0.0,0.03631448745727539,-0.5042965412139893,-0.01591021498641942,-0.5956598932385258,-6.186467004193972,-6.186467004193972,-7.8198534961832245,-1.6333864919892531,-7.8198534961832245,0.0062067508697509766,0.0044288209992373595,0.0018926720003946684,4.00099997932557e-06
6.282126426696777,22.29864501953125,11.124096870422363,0.32679056771357673,0.0,0.0,14.08856201171875,-1.1757481098175049,-0.002115663866135754,0.0,0.0,0.03126859664916992,-0.7421507239341736,-0.01964175836951861,-0.577807313669631,-5.960346345115333,-5.960346345115333,-6.561770420113042,-0.6014240749977096,-6.561770420113042,0.006356477737426758,0.004465525000341586,0.0017099790002248483,4.090999937034212e-06
6.2883219718933105,22.3687744140625,11.66795539855957,0.321823767912086,0.0,0.0,14.0814208984375,-1.0886578559875488,-0.001478674071173195,0.0,0.0,0.027407169342041016,-0.6260482668876648,-0.023158475264123783,-0.5568596857335784,-5.736411145597056,-5.736411145597056,-6.45461859837836,-0.7182074527813045,-6.45461859837836,0.006195545196533203,0.004562296000585775,0.0016131899992615217,4.230001650284976e-06
6.294517278671265,22.44342041015625,12.114378929138184,0.306683835258981,0.0,0.0,14.075836181640625,-0.7826250195503235,-0.0009899539538130804,0.0,0.0,0.023787498474121094,-0.6047154664993286,-0.02653476141341582,-0.5325393667615674,-5.488002946666969,-5.488002946666969,-6.145823379459231,-0.6578204327922622,-6.145823379459231,0.0061953067779541016,0.00438223899982404,0.0017459560003771912,4.110999725526199e-06
6.300665855407715,22.5186767578125,12.381988525390625,0.2925127716811746,0.0,0.0,14.073699951171875,-0.16977006196975708,-0.0006593323092671164,0.0,0.0,0.020160675048828125,-0.570442795753479,-0.029726697720449842,-0.5052123983123781,-5.216640978150818,-5.216640978150818,-5.8583454006081634,-0.641704422457345,-5.8583454006081634,0.006148576736450195,0.00430747800055542,0.0016696650000085356,4.666000677389093e-06
6.30666446685791,22.59429931640625,12.692693710327148,0.24809296874677342,0.0,0.0,14.073867797851562,-0.03419184684753418,-0.0003559987591420939,0.0,0.0,0.01648712158203125,-0.6549901962280273,-0.03266998388313774,-0.47564537020452236,-4.909315323354314,-4.909315323354314,-4.966227457869619,-0.05691213451530397,-4.966227457869619,0.0059986114501953125,0.004434758000570582,0.0016469239999423735,4.1669991333037615e-06
6.312767505645752,22.67376708984375,13.124001502990723,0.2481872421117419,0.0,0.0,14.074356079101562,0.07265693694353104,-0.00023720687813180108,0.0,0.0,0.01336050033569336,-0.5097575783729553,-0.03547398870164298,-0.44279227790113734,-4.599083568189302,-4.599083568189302,-4.966655356076873,-0.367571787887571,-4.966655356076873,0.006103038787841797,0.00433607700142602,0.0018140419997507706,4.048999471706338e-06
6.318938732147217,22.75531005859375,13.674172401428223,0.21104682215662834,0.0,0.0,14.07501220703125,0.16578920185565948,-0.0001257123751460237,0.0,0.0,0.00991678237915039,-0.5644952058792114,-0.038097205364431716,-0.40692596329802105,-4.247729539510666,-4.247729539510666,-4.222478926263155,0.025250613247510934,-4.222478926263155,0.006171226501464844,0.004344203998698504,0.0016925940017245011,4.164998244959861e-06
6.324995517730713,22.838623046875,13.543700218200684,0.1601646609799287,0.0,0.0,14.07598876953125,0.08756555616855621,-6.03736220358493e-05,0.0,0.0,0.006068706512451172,-0.6269367933273315,-0.04044919427917609,-0.36934499709268376,-3.8633721285690275,-3.8633721285690275,-3.2040340002370327,0.6593381283319948,-3.2040340002370327,0.006056785583496094,0.004459255000256235,0.0016664489994582254,4.399000317789614e-06
6.331141471862793,22.92376708984375,14.0525541305542,0.09346010845019051,0.0,0.0,14.076751708984375,0.31164178252220154,-2.333780461991701e-05,0.0,0.0,0.0018496513366699219,-0.7166792154312134,-0.042596339279388634,-0.3290258555670259,-3.434634915018192,-3.434634915018192,-1.8694885224347222,1.5651463925834697,-1.8694885224347222,0.006145954132080078,0.004339394999988144,0.0015165810000326019,4.051998985232785e-06
6.337017059326172,23.0048828125,14.226994514465332,0.04649656591642932,0.0,0.0,14.078338623046875,0.07177779078483582,-8.014795860526293e-06,0.0,0.0,-0.002124786376953125,-0.6977938413619995,-0.044411747514660024,-0.2886429085639966,-3.0055631827469487,-3.0055631827469487,-0.9300296593820874,2.0755335233648613,-0.9300296593820874,0.005875587463378906,0.004276285000742064,0.001822303998778807,4.365001586847939e-06
6.343150854110718,23.09686279296875,14.13589859008789,0.0364681225162575,0.0,0.0,14.078018188476562,-0.09285024553537369,-4.503177572895514e-06,0.0,0.0,-0.006717205047607422,-0.5415531992912292,-0.04604860580283383,-0.24481080135151484,-2.5611703127052383,-2.5611703127052383,-0.7294177040376995,1.8317526086675389,-0.7294177040376995,0.0061337947845458984,0.00472386399997049,0.001628070000151638,4.2430001485627145e-06
6.349523544311523,23.18426513671875,14.362964630126953,-0.0575386703308014,0.0,0.0,14.077255249023438,-0.15613548457622528,5.262427939080182e-06,0.0,0.0,-0.011158943176269531,-0.7768036127090454,-0.04745946487107695,-0.1977354230803986,-2.050176850479289,-2.050176850479289,1.1508379762839906,3.20101482676328,1.1508379762839906,0.006372690200805664,0.00445676200070011,0.0016442169999209,4.053999873576686e-06
6.355644702911377,23.2723388671875,14.290510177612305,-0.07407907959187164,0.0,0.0,14.076507568359375,-0.11915825307369232,5.1710712723220465e-06,0.0,0.0,-0.015277385711669922,-0.5903434157371521,-0.04852830662400048,-0.1513209436689417,-1.5705686048295142,-1.5705686048295142,1.481645040564699,3.0522136453942132,1.481645040564699,0.006121158599853516,0.004354281998530496,0.0016502739999850746,4.363000698504038e-06
6.361670017242432,23.35784912109375,14.228978157043457,-0.1144746417459028,0.0,0.0,14.076431274414062,0.16730913519859314,6.265950849541077e-06,0.0,0.0,-0.019065380096435547,-0.591271162033081,-0.049300152896201335,-0.10475780920365757,-1.0867626404189161,-1.0867626404189161,2.289569717750564,3.37633235816948,2.289569717750564,0.0060253143310546875,0.004349782000645064,0.001901707999422797,4.621000698534772e-06
6.367943286895752,23.447265625,14.312477111816406,-0.21246070127088706,0.0,0.0,14.077774047851562,0.1627344787120819,9.684853944571623e-06,0.0,0.0,-0.023258209228515625,-0.7993801236152649,-0.04980353732851937,-0.05564457807928819,-0.5407101959047353,-0.5407101959047353,4.249332857981475,4.79004305388621,4.249332857981475,0.0062732696533203125,0.00406632199883461,0.001736829000947182,3.920000381185673e-06
6.373766660690308,23.52825927734375,14.040172576904297,-0.2912854971009781,0.0,0.0,14.079544067382812,0.29169657826423645,1.4130281943153969e-05,0.0,0.0,-0.028112411499023438,-0.847232460975647,-0.049993994956041,-0.009737667010333783,-0.0027292781148512135,-0.0027292781148512135,5.825883319712111,5.828612597826963,5.825883319712111,0.005823373794555664,0.0037365730004239595,0.0019140189997415291,5.547999535338022e-06
6.379441261291504,23.611328125,13.740869522094727,-0.3532359964537334,0.0,0.0,14.080902099609375,0.15465059876441956,2.1659906038624e-05,0.0,0.0,-0.0332341194152832,-0.8361881375312805,-0.04992214981406675,0.03504859199203797,0.5304506026108153,0.5304506026108153,7.0649856947929255,6.53453509218211,7.0649856947929255,0.005674600601196289,0.004290437000236125,0.0016778699991846224,4.143001206102781e-06
6.3854334354400635,23.68963623046875,13.50732421875,-0.4138644975193805,0.0,0.0,14.081680297851562,-0.028499579057097435,3.731050263731965e-05,0.0,0.0,-0.038324832916259766,-0.8384195566177368,-0.049570866727028894,0.08214329171358901,1.0864009900182587,1.0864009900182587,8.27774774796597,7.191346757947711,8.27774774796597,0.00599217414855957,0.0040224149997811764,0.0017998100011027418,3.850000211969018e-06
6.391276836395264,23.76812744140625,13.045307159423828,-0.4349769012124977,0.0,0.0,14.079833984375,-0.38325899839401245,5.895075924173289e-05,0.0,0.0,-0.04290485382080078,-0.6934757828712463,-0.04895771838730484,0.12762249738760184,1.6056997442270728,1.6056997442270728,8.700261346449222,7.094561602222149,8.700261346449222,0.005843400955200195,0.00433661099850724,0.0017267510011151899,3.7329991755541414e-06
6.397367238998413,23.8438720703125,12.41443920135498,-0.4593872458299524,0.0,0.0,14.0775146484375,-0.4461866021156311,9.640266631751439e-05,0.0,0.0,-0.04644346237182617,-0.6204711198806763,-0.04803788983050566,0.17428842119577062,2.1182896833261426,2.1182896833261426,9.18892777140046,7.0706380880743165,9.18892777140046,0.006090402603149414,0.003916404999472434,0.0015441370014741551,3.728999217855744e-06
6.402860164642334,23.9105224609375,11.906929016113281,-0.5017489451666701,0.0,0.0,14.076202392578125,-0.05193912982940674,0.00017632269169055701,0.0,0.0,-0.04996204376220703,-0.6410495042800903,-0.04696690112316097,0.21550874927362298,2.592541797790544,2.592541797790544,10.037142371943048,7.4446005741525045,10.037142371943048,0.0054929256439208984,0.004031291999126552,0.0014821320000919513,3.929000740754418e-06
6.408392906188965,23.9739990234375,11.264350891113281,-0.5363822830522078,0.0,0.0,14.076751708984375,0.09451694786548615,0.0003313043594932871,0.0,0.0,-0.05333137512207031,-0.6056702733039856,-0.045662035635126885,0.2559898012438932,3.057577760180442,3.057577760180442,10.731710745209615,7.674132985029172,10.731710745209615,0.005532741546630859,0.004254543999195448,0.0014611620008508908,3.84399936592672e-06
6.414128541946411,24.03564453125,10.690114974975586,-0.5808526028940462,0.0,0.0,14.077163696289062,0.07008649408817291,0.0006778134496062649,0.0,0.0,-0.05698585510253906,-0.614490807056427,-0.04407648724802885,0.2966470776031759,3.532496483618992,3.532496483618992,11.625368787323737,8.092872303704745,11.625368787323737,0.005735635757446289,0.004158767000262742,0.001566008000736474,3.982000635005534e-06
6.419872999191284,24.09625244140625,10.052858352661133,-0.6302760869647188,0.0,0.0,14.07769775390625,0.20001716911792755,0.00137610599760462,0.0,0.0,-0.06086015701293945,-0.6335868239402771,-0.04225909984406276,0.33582281940271935,4.003879321660152,4.003879321660152,12.622406475460881,8.618527153800729,12.622406475460881,0.005744457244873047,0.0047150209993560566,0.0015067630010889843,4.063998858327977e-06
6.426114797592163,24.15631103515625,9.295565605163574,-0.6682913325484816,0.0,0.0,14.078842163085938,0.018908454105257988,0.002564224350087548,0.0,0.0,-0.06435775756835938,-0.5937522053718567,-0.04003518099548512,0.3764009339992018,4.481965943518906,4.481965943518906,13.397289526430042,8.915323582911135,13.397289526430042,0.006241798400878906,0.004321463000451331,0.001670394998654956,4.029001502203755e-06
6.432126998901367,24.20892333984375,8.47048282623291,-0.6774417713216725,0.0,0.0,14.076141357421875,-0.5130332112312317,0.0043176196713564,0.0,0.0,-0.06744766235351562,-0.4636530876159668,-0.03766012827169915,0.4133007920516345,4.9089060668700615,4.9089060668700615,13.601812354915028,8.692906288044966,13.601812354915028,0.0060122013092041016,0.004451417000382207,0.0017072579994419357,4.151999746682122e-06
6.438306093215942,24.25762939453125,7.5961761474609375,-0.6603512295522731,0.0,0.0,14.07342529296875,-0.4257720112800598,0.006644945158793334,0.0,0.0,-0.06959009170532227,-0.27886173129081726,-0.034995393511937006,0.4487659148732003,5.291279407279272,5.291279407279272,13.28855766047647,7.997278253197199,13.28855766047647,0.006179094314575195,0.0046544159995391965,0.0015347869994002394,3.997000021627173e-06
6.444515228271484,24.2989501953125,6.499879360198975,-0.6628393962180075,0.0,0.0,14.072586059570312,-0.04267805814743042,0.010060841839985403,0.0,0.0,-0.07121086120605469,-0.2307998687028885,-0.03210529810854216,0.4816789739508394,5.645085507795765,5.645085507795765,13.380233836504125,7.735148328708361,13.380233836504125,0.006209135055541992,0.004586338000081014,0.0019010009982594056,3.8310008676489815e-06
6.451022386550903,24.33636474609375,5.442924976348877,-0.6717403651903365,0.0,0.0,14.074234008789062,0.3292624056339264,0.014759991027132045,0.0,0.0,-0.07251214981079102,-0.19594229757785797,-0.02886715149470724,0.5130231483687367,5.983392256130887,5.983392256130887,13.615911488184192,7.632519232053305,13.615911488184192,0.006507158279418945,0.004233543000736972,0.0016210249996220227,4.208999598631635e-06
6.456897020339966,24.3651123046875,4.611562252044678,-0.6694239906976482,0.0,0.0,14.077682495117188,0.8270506262779236,0.02052006323237121,0.0,0.0,-0.07331132888793945,-0.12108531594276428,-0.025777440565369764,0.538381149526489,6.257293440384952,6.257293440384952,13.640259730908278,7.382966290523326,13.640259730908278,0.0058746337890625,0.00396865400034585,0.001633772999412031,3.905999619746581e-06
6.46251916885376,24.38726806640625,3.769228219985962,-0.6738958971758151,0.0,0.0,14.082809448242188,0.7673714756965637,0.027874284725250362,0.0,0.0,-0.07387828826904297,-0.09853613376617432,-0.022688792915825436,0.5599046059035315,6.496042707940305,6.496042707940305,13.819933707007756,7.3238909990674514,13.819933707007756,0.005622148513793945,0.003732363000381156,0.0015115179994609207,3.7089994293637574e-06
6.467782497406006,24.40301513671875,2.7639849185943604,-0.6729290038848923,0.0,0.0,14.087921142578125,1.1316603422164917,0.03645023347017712,0.0,0.0,-0.07434368133544922,-0.0569646880030632,-0.019694369813513857,0.5775244449995577,6.696231848924899,6.696231848924899,13.905822206155095,7.209590357230196,13.905822206155095,0.005263328552246094,0.003775888999371091,0.001437643000826938,3.564000508049503e-06
6.473014831542969,24.4146728515625,1.9438244104385376,-0.6641330867746887,0.0,0.0,14.097335815429688,2.056442975997925,0.04585580449635681,0.0,0.0,-0.0744009017944336,0.002924010856077075,-0.016632189271277974,0.5925373925912504,6.863852080318832,6.863852080318832,13.845309643410467,6.981457563091634,13.845309643410467,0.005232334136962891,0.0038585750007769093,0.0017519060002086917,3.7429999792948365e-06
6.478644132614136,24.4219970703125,1.0523655414581299,-0.6482061980645355,0.0,0.0,14.116256713867188,3.466698408126831,0.055682624780892684,0.0,0.0,-0.07398843765258789,0.07468335330486298,-0.013257801658837465,0.6058281934442528,7.005926932156233,7.005926932156233,13.647346351223234,6.641419419067001,13.647346351223234,0.005629301071166992,0.004804859001524164,0.0016390479995607166,3.795999873545952e-06
6.485107660293579,24.42413330078125,0.08655402064323425,-0.6514770636441846,0.0,0.0,14.140029907226562,4.248755931854248,0.0681218192155453,0.0,0.0,-0.07371139526367188,0.047665685415267944,-0.009302610395981101,0.6173480010277859,7.145435902656933,7.145435902656933,13.865391815384822,6.719955912727888,13.865391815384822,0.006463527679443359,0.003878870000335155,0.0015317830002459232,3.6390010791365057e-06
6.490536689758301,24.42193603515625,-0.641800045967102,-0.5273262545151443,0.0,0.0,14.167205810546875,5.669984817504883,0.05928286264724806,0.0,0.0,-0.0707859992980957,0.5933053493499756,-0.005931968593888868,0.6238809743128936,7.131359904903485,7.131359904903485,11.273922177980996,4.142562273077512,11.273922177980996,0.00542902946472168,0.0037220939993858337,0.001495963000706979,3.821998689090833e-06
6.495774269104004,24.41546630859375,-1.4013701677322388,-0.4469445357223189,0.0,0.0,14.207260131835938,8.012531280517578,0.04121823716026791,0.0,0.0,-0.066925048828125,0.7739335298538208,-0.002653857378203811,0.62743286217717,7.059689215618182,7.059689215618182,9.444635955664015,2.384946740045834,9.444635955664015,0.005237579345703125,0.003829114000836853,0.001527712000097381,3.850998837151565e-06
6.501150369644165,24.4056396484375,-1.907350778579712,-0.3856361877806084,0.0,0.0,14.256927490234375,9.885214805603027,0.024205785342043522,0.0,0.0,-0.06261968612670898,0.8805372714996338,0.0007227733903827961,0.6282528803954657,6.950811686161844,6.950811686161844,8.009727256734111,1.0589155705722677,8.009727256734111,0.005376100540161133,0.003686111000206438,0.001537150999865844,4.085000909981318e-06
6.506393194198608,24.3941650390625,-2.2534940242767334,-0.3681289913549735,0.0,0.0,14.31640625,11.125983238220215,0.015298242385352101,0.0,0.0,-0.05813407897949219,0.8123346567153931,0.004012642602975225,0.6262919132145837,6.831757959074944,6.831757959074944,7.5502883226205695,0.7185303635456248,7.5502883226205695,0.005242824554443359,0.0042412560014781775,0.0014532169989251997,3.830000423477031e-06
6.5121073722839355,24.379150390625,-2.714066743850708,-0.26870393428320155,0.0,0.0,14.380844116210938,11.543336868286133,0.005689520637392732,0.0,0.0,-0.05194520950317383,1.1410530805587769,0.007577970995485107,0.6210602883448237,6.625490999060869,6.625490999060869,5.443888754832748,-1.1816022442281213,5.443888754832748,0.0057141780853271484,0.0037428720006573712,0.0015453359992534388,3.922001269529574e-06
6.5174150466918945,24.3638916015625,-3.0470056533813477,-0.22089260132045835,0.0,0.0,14.445755004882812,12.039546012878418,0.0022079685081592194,0.0,0.0,-0.045505523681640625,1.1328386068344116,0.01085506363545895,0.6133325592485083,6.400535929831194,6.400535929831194,4.444943664545413,-1.9555922652857811,4.444943664545413,0.005307674407958984,0.004073464999237331,0.0015073009999468923,4.126000931137241e-06
6.523015260696411,24.345703125,-3.2421159744262695,-0.18212615368435786,0.0,0.0,14.5147705078125,11.949421882629395,0.0008689285963947111,0.0,0.0,-0.03901481628417969,1.1345131397247314,0.01426015372266468,0.6022226480570357,6.152829736940436,6.152829736940436,3.653184774256151,-2.499644962684285,3.653184774256151,0.0056002140045166016,0.004105890000573709,0.0014935580002202187,4.0979994082590565e-06
6.528634548187256,24.32696533203125,-3.399083375930786,-0.13255348033463651,0.0,0.0,14.580078125,11.54551887512207,0.0003250296434591201,0.0,0.0,-0.03260183334350586,1.1981782913208008,0.017605866022270582,0.5880784177449838,5.874947268544753,5.874947268544753,2.655057700477405,-3.219889568067348,2.655057700477405,0.0056192874908447266,0.0043092440009786515,0.0017905509994307067,3.739000021596439e-06
6.534753084182739,24.30487060546875,-3.628185987472534,-0.0895067594553469,0.0,0.0,14.648834228515625,11.232566833496094,0.00012056346643410387,0.0,0.0,-0.025078296661376953,1.2116998434066772,0.021148485840190995,0.5693469522642373,5.551537639559663,5.551537639559663,1.791614495443516,-3.7599231441161467,1.791614495443516,0.0061185359954833984,0.004111432001081994,0.0015144039989536395,3.812001523328945e-06
6.540397882461548,24.28472900390625,-3.6202330589294434,-0.07933718373994553,0.0,0.0,14.709381103515625,10.878827095031738,6.232781793374518e-05,0.0,0.0,-0.018842697143554688,1.1018048524856567,0.024306455678466926,0.5490793944771168,5.244866586149386,5.244866586149386,1.5875084333011462,-3.6573581528482397,1.5875084333011462,0.005644798278808594,0.004323063998526777,0.0023403610011882847,4.71099883725401e-06
6.5470826625823975,24.2598876953125,-3.6560990810394287,-0.05602402964352922,0.0,0.0,14.785568237304688,10.256754875183105,2.7091946608373557e-05,0.0,0.0,-0.010592460632324219,1.073426604270935,0.02788690564326491,0.521515053269248,4.867240626964997,4.867240626964997,1.1208130093933781,-3.746427617571619,1.1208130093933781,0.006684780120849609,0.005402566001066589,0.001989464999496704,4.686999091063626e-06
6.5544962882995605,24.2313232421875,-3.7114593982696533,-0.030913454827393695,0.0,0.0,14.85870361328125,9.841669082641602,9.659353595115112e-06,0.0,0.0,-0.0029888153076171875,1.0327686071395874,0.03162670181930176,0.48665316265305886,4.443561494107804,4.443561494107804,0.6183876162238846,-3.8251738778839197,0.6183876162238846,0.007413625717163086,0.0052648559994850075,0.0017266520007979125,4.86899989482481e-06
6.5615105628967285,24.2069091796875,-3.6451058387756348,-0.010395703641922115,0.0,0.0,14.917327880859375,9.077925682067871,2.1925807578994503e-06,0.0,0.0,0.0029659271240234375,0.9728116989135742,0.034913022215025236,0.4497779272406388,4.024225661998887,4.024225661998887,0.20794097566982694,-3.8162846863290603,0.20794097566982694,0.007014274597167969,0.004674999001508695,0.002223754998340155,4.695000825449824e-06
6.568431615829468,24.1807861328125,-3.696729898452759,0.012206221916339015,0.0,0.0,14.98065185546875,8.386330604553223,-1.8073990028163435e-06,0.0,0.0,0.010177135467529297,0.9176083207130432,0.037890074400498124,0.40996852703704156,3.572225021012117,3.572225021012117,-0.2441466150016609,-3.816371636013778,-0.2441466150016609,0.006921052932739258,0.005429908000223804,0.002024166999035515,4.843001079279929e-06
6.575908422470093,24.15472412109375,-3.545698404312134,0.03994165573757097,0.0,0.0,15.039382934570312,7.757284164428711,-4.301627529681396e-06,0.0,0.0,0.016817092895507812,0.8699190020561218,0.04078370206360947,0.3634896600978156,3.0747767160816015,3.0747767160816015,-0.7988858954573037,-3.8736626115389052,-0.7988858954573037,0.007476806640625,0.005402905999289942,0.0020143350011494476,1.980199886020273e-05
6.583361864089966,24.1290283203125,-3.5035510063171387,0.07896150902673392,0.0,0.0,15.095428466796875,7.392861843109131,-6.385321134668113e-06,0.0,0.0,0.022760868072509766,0.8577558994293213,0.04331023060754969,0.3139641557806325,2.5543646102088036,2.5543646102088036,-1.5793085280332613,-4.133673138242065,-1.5793085280332613,0.007453441619873047,0.004911758998787263,0.00222127200140676,4.741999873658642e-06
6.590516090393066,24.10467529296875,-3.3091416358947754,0.11040122883294694,0.0,0.0,15.1466064453125,6.921536445617676,-6.898357873157974e-06,0.0,0.0,0.028840065002441406,0.7963146567344666,0.04537846732088753,0.2638323512141128,2.029206131548089,2.029206131548089,-2.208109219086828,-4.237315350634917,-2.208109219086828,0.007154226303100586,0.005293268999594147,0.001964735000001383,1.9671000700327568e-05
6.59783148765564,24.0819091796875,-3.0672354698181152,0.129548003073311,0.0,0.0,15.195541381835938,6.759536266326904,-6.418101701829505e-06,0.0,0.0,0.03393840789794922,0.6883125901222229,0.04711418236429769,0.21037088531305378,1.495504196332381,1.495504196332381,-2.5910388111803506,-4.086543007512732,-2.5910388111803506,0.007315397262573242,0.004929021999487304,0.0021489890004886547,4.986999556422234e-06
6.604932546615601,24.06109619140625,-2.910839557647705,0.16780587729468138,0.0,0.0,15.24310302734375,6.480792045593262,-6.746316185710727e-06,0.0,0.0,0.03867006301879883,0.6789060831069946,0.04841860063213649,0.15677226657420743,0.9569696533375894,0.9569696533375894,-3.3562003227793396,-4.313169976116929,-3.3562003227793396,0.0071010589599609375,0.0049199860004591756,0.002036160998613923,5.048999810242094e-06
6.611911296844482,24.0421142578125,-2.586782932281494,0.1974484797342015,0.0,0.0,15.289093017578125,6.366645336151123,-6.577617357832535e-06,0.0,0.0,0.04315519332885742,0.6106363534927368,0.049325202170089226,0.10287892829861987,0.4203517040861946,0.4203517040861946,-3.9490503016454737,-4.3694020057316685,-3.9490503016454737,0.006978750228881836,0.00505617999988317,0.002167635000660084,5.138999767950736e-06
6.619158029556274,24.0245361328125,-2.281106948852539,0.23137428657214715,0.0,0.0,15.329269409179688,5.897749900817871,-7.123164651249509e-06,0.0,0.0,0.047167301177978516,0.5617324709892273,0.0498653261143199,0.04608492888906421,-0.13672068130993703,-0.13672068130993703,-4.627573132236208,-4.490852450926271,-4.627573132236208,0.007246732711791992,0.004994828999770107,0.001987207000638591,5.194999175728299e-06
6.6261632442474365,24.00958251953125,-2.0043842792510986,0.27955230136138876,0.0,0.0,15.37164306640625,5.80055570602417,-9.209029235290432e-06,0.0,0.0,0.05116558074951172,0.5701030492782593,0.0499946581236579,-0.009184281345955623,-0.6915191997905218,-0.6915191997905218,-5.591159021451518,-4.899639821660997,-5.591159021451518,0.007005214691162109,0.004943883999658283,0.0019504100000631297,4.8790006985655054e-06
6.633079528808594,23.99713134765625,-1.6330758333206177,0.31925506246440427,0.0,0.0,15.407470703125,5.197679042816162,-1.2530637647390817e-05,0.0,0.0,0.054883480072021484,0.5240007638931274,0.0497425109894393,-0.063683857494449,-1.2386876725340321,-1.2386876725340321,-6.385254999443266,-5.146567326909234,-6.385254999443266,0.0069162845611572266,0.004903058999843779,0.001889520000986522,4.887999239144847e-06
6.639894247055054,23.9886474609375,-1.0220072269439697,0.3512488941371661,0.0,0.0,15.446426391601562,5.422436237335205,-1.769794071087162e-05,0.0,0.0,0.05820178985595703,0.4579105079174042,0.04912677000247465,-0.11691484675788003,-1.7697130347505317,-1.7697130347505317,-7.025195035390076,-5.255482000639544,-7.025195035390076,0.006814718246459961,0.0049202360005438095,0.0018580089999886695,4.96500069857575e-06
6.646695375442505,23.98455810546875,-0.3906822204589844,0.3800317513567139,0.0,0.0,15.482192993164062,5.5722479820251465,-2.6045804646876058e-05,0.0,0.0,0.06096601486206055,0.3944464325904846,0.04815327436153426,-0.16918562083759275,-2.2860132708829597,-2.2860132708829597,-7.600954607559386,-5.314941336676426,-7.600954607559386,0.006801128387451172,0.004914017001283355,0.001923748999615782,4.86699900648091e-06
6.653555631637573,23.98419189453125,0.006478429306298494,0.41737413064137363,0.0,0.0,15.519485473632812,4.978414058685303,-4.201290915489165e-05,0.0,0.0,0.06357192993164062,0.3740467429161072,0.04681523018264543,-0.22065853452947842,-2.7995073717406873,-2.7995073717406873,-8.34799810864531,-5.548490736904624,-8.34799810864531,0.006860256195068359,0.005096920998767018,0.0021699260014429456,4.744999387185089e-06
6.660844802856445,23.98773193359375,0.773918092250824,0.4554319062982519,0.0,0.0,15.554931640625,4.5955352783203125,-7.229720746719267e-05,0.0,0.0,0.0663900375366211,0.3400217592716217,0.04501280160357893,-0.27354529465970784,-3.3309164620629303,-3.3309164620629303,-9.109525208265227,-5.778608746202297,-9.109525208265227,0.00728917121887207,0.00564112200117961,0.0018937819986604154,5.056999725638889e-06
6.668402671813965,23.996337890625,1.3459527492523193,0.49796858191227944,0.0,0.0,15.58819580078125,4.174349784851074,-0.0001346404097228407,0.0,0.0,0.06874418258666992,0.32323747873306274,0.04274562807302848,-0.3259541360751234,-3.860532132110235,-3.860532132110235,-9.961023667812698,-6.100491535702464,-9.961023667812698,0.007557868957519531,0.005871968000064953,0.0020213919997331686,4.884001100435853e-06
6.676318407058716,24.00958251953125,1.923880934715271,0.5265709079944549,0.0,0.0,15.617584228515625,3.915310859680176,-0.00024970046876877965,0.0,0.0,0.07072210311889648,0.24446606636047363,0.03995841123868191,-0.37768694041503764,-4.378556153137913,-4.378556153137913,-10.534481969321769,-6.155925816183856,-10.534481969321769,0.007915735244750977,0.005100012000184506,0.001982609001061064,4.8719994083512574e-06
6.683423042297363,24.0263671875,2.5244743824005127,0.5431970241972808,0.0,0.0,15.646484375,3.663853406906128,-0.00044817212242473093,0.0,0.0,0.07227373123168945,0.15849381685256958,0.0371195015864536,-0.4209532717646506,-4.814855097225755,-4.814855097225755,-10.869439528392409,-6.054584431166654,-10.869439528392409,0.007104635238647461,0.005217582000113907,0.00195660799909092,5.02500006405171e-06
6.690619707107544,24.0478515625,3.28971004486084,0.5750618018733383,0.0,0.0,15.668853759765625,3.0383763313293457,-0.0008566801162594916,0.0,0.0,0.07351398468017578,0.15951640903949738,0.033942479280966296,-0.46136007141670465,-5.231879804175387,-5.231879804175387,-11.511747449935946,-6.27986764576056,-11.511747449935946,0.007196664810180664,0.004845079000006081,0.0016505229996255366,4.347000867710449e-06
6.697136402130127,24.072021484375,3.9698450565338135,0.5763251378136871,0.0,0.0,15.687255859375,3.0382604598999023,-0.0014681650032447528,0.0,0.0,0.07407140731811523,0.03721512854099274,0.030825547251897092,-0.4947042937341908,-5.568410930269483,-5.568410930269483,-11.544517050791633,-5.976106120522151,-11.544517050791633,0.006516695022583008,0.004902286000287859,0.0019686140003614128,5.046000296715647e-06
6.704029560089111,24.1029052734375,4.6648759841918945,0.597614854911956,0.0,0.0,15.709304809570312,2.810987710952759,-0.0026286550966276375,0.0,0.0,0.07402658462524414,0.04000723361968994,0.027304159916828982,-0.5263618781058811,-5.892383523830698,-5.892383523830698,-11.98455053500675,-6.092167011176052,-11.98455053500675,0.006893157958984375,0.005049526000220794,0.0017261490011151182,4.780000381288119e-06
6.710827112197876,24.139892578125,5.529107093811035,0.5906263083856081,0.0,0.0,15.724655151367188,2.043704032897949,-0.004174061856445218,0.0,0.0,0.07373476028442383,-0.08205563575029373,0.02363098305837963,-0.5537160766773075,-6.164275069945857,-6.164275069945857,-11.86374165061205,-5.6994665806661935,-11.86374165061205,0.0067975521087646484,0.005436227000245708,0.0020355870001367293,1.757099926180672e-05
6.718334197998047,24.1844482421875,6.461772441864014,0.5650598438494623,0.0,0.0,15.737442016601562,1.6314367055892944,-0.005700242403914081,0.0,0.0,0.0725255012512207,-0.23753249645233154,0.01937527848716602,-0.5792263465099162,-6.396598607757558,-6.396598607757558,-11.3711385015754,-4.974539893817842,-11.3711385015754,0.0075070858001708984,0.004799889999048901,0.002154530000552768,4.845000148634426e-06
6.725323438644409,24.23175048828125,7.092745780944824,0.5463413992887657,0.0,0.0,15.746475219726562,1.3049066066741943,-0.007213111036388136,0.0,0.0,0.0705251693725586,-0.31190797686576843,0.015257446551942359,-0.5983506530321319,-6.5596100513262465,-6.5596100513262465,-11.015332415667434,-4.455722364341186,-11.015332415667434,0.006989240646362305,0.004981556001439458,0.002168157998312381,4.6050008677411824e-06
6.732509613037109,24.2874755859375,7.866285800933838,0.5373306078731589,0.0,0.0,15.755111694335938,1.1327755451202393,-0.00883184880843411,0.0,0.0,0.06831884384155273,-0.34107521176338196,0.01090126740485223,-0.6132031388892135,-6.686157152088209,-6.686157152088209,-10.854978400508742,-4.1688212484205325,-10.854978400508742,0.007186174392700195,0.00521396200019808,0.0020291000000725035,4.935000106343068e-06
6.739774703979492,24.34881591796875,8.64146900177002,0.5185469236859476,0.0,0.0,15.762527465820312,1.0030906200408936,-0.009852295725371347,0.0,0.0,0.06530570983886719,-0.4130069315433502,0.006407077815740975,-0.6231386024305345,-6.757008568731811,-6.757008568731811,-10.491825537830914,-3.7348169690991035,-10.491825537830914,0.0072650909423828125,0.0049606949996814365,0.00214987900108099,4.92899926030077e-06
6.746907949447632,24.41461181640625,9.38965129852295,0.5099920635431237,0.0,0.0,15.76898193359375,0.7425811290740967,-0.010789044467436724,0.0,0.0,0.062241554260253906,-0.4206157922744751,0.001942303832820678,-0.6278442798540559,-6.785049568419534,-6.785049568419534,-10.332222184570044,-3.54717261615051,-10.332222184570044,0.0071332454681396484,0.0050627670007088454,0.0017298120001214556,4.174999048700556e-06
6.753736972808838,24.48321533203125,10.092575073242188,0.48876823998728336,0.0,0.0,15.771469116210938,0.12978577613830566,-0.010713666620477244,0.0,0.0,0.05888032913208008,-0.48298096656799316,-0.0023471463649714585,-0.6276258554778307,-6.7600818438319195,-6.7600818438319195,-9.906820831895475,-3.146738988063555,-9.906820831895475,0.006829023361206055,0.00537850500040804,0.0017599669990886468,5.40000110049732e-06
6.760900974273682,24.56097412109375,11.081012725830078,0.45096175529465105,0.0,0.0,15.770645141601562,-0.05285777151584625,-0.009127981838775561,0.0,0.0,0.05525922775268555,-0.5884367227554321,-0.006827883004231103,-0.6224325207514921,-6.678356294667687,-6.678356294667687,-9.131234883053112,-2.452878588385426,-9.131234883053112,0.00716400146484375,0.005203568000069936,0.0018468649996066233,4.857000021729618e-06
6.767976760864258,24.6412353515625,11.552889823913574,0.41735311615112375,0.0,0.0,15.77044677734375,-0.2391670048236847,-0.007112830664763328,0.0,0.0,0.050527095794677734,-0.634734570980072,-0.011199307937782612,-0.612354417930565,-6.538403057201334,-6.538403057201334,-8.43433631890696,-1.895933261705625,-8.43433631890696,0.007075786590576172,0.005143778998899506,0.002156513000954874,4.94499909109436e-06
6.775308132171631,24.72918701171875,12.174956321716309,0.38392470914083154,0.0,0.0,15.767303466796875,-0.33442267775535583,-0.005072335199538279,0.0,0.0,0.0457916259765625,-0.6689459681510925,-0.01563486287275393,-0.5968101433156093,-6.349318292666549,-6.349318292666549,-7.740731424527201,-1.3914131318606526,-7.740731424527201,0.007331371307373047,0.005020508000598056,0.0019194989999959944,4.772999091073871e-06
6.782270193099976,24.81561279296875,12.91627311706543,0.33116079033213264,0.0,0.0,15.765701293945312,-0.08669832348823547,-0.0029779716020263518,0.0,0.0,0.04096078872680664,-0.7724419832229614,-0.01972479554936959,-0.5773604504018218,-6.108730800966618,-6.108730800966618,-6.659755335500959,-0.5510245345343413,-6.659755335500959,0.0069620609283447266,0.00511379800082068,0.0022096240008977475,4.624998837243766e-06
6.789615154266357,24.911865234375,13.17456340789795,0.27844336852942464,0.0,0.0,15.766815185546875,0.20590834319591522,-0.0015178533193322176,0.0,0.0,0.03460264205932617,-0.8278631567955017,-0.023875506894867136,-0.5520571476624321,-5.796868878289458,-5.796868878289458,-5.587491337696398,0.20937754059306035,-5.587491337696398,0.007344961166381836,0.005118560999108013,0.0018007460002991138,4.980000085197389e-06
6.79655647277832,25.00482177734375,13.667842864990234,0.2575888346355073,0.0,0.0,15.768798828125,0.26720428466796875,-0.0008417506579369158,0.0,0.0,0.03041982650756836,-0.7482872605323792,-0.02761188209941583,-0.523820829937176,-5.49094885272112,-5.49094885272112,-5.162104921641629,0.32884393107949045,-5.162104921641629,0.006941318511962891,0.004550659999949858,0.002053089998298674,4.892001015832648e-06
6.803182363510132,25.0977783203125,13.89145278930664,0.20814032910680197,0.0,0.0,15.770462036132812,0.20917916297912598,-0.00037190231026627526,0.0,0.0,0.024716854095458984,-0.8189020752906799,-0.030982994250378044,-0.4931486494006046,-5.13492028829387,-5.13492028829387,-4.1673698006668,0.9675504876270695,-4.1673698006668,0.0066258907318115234,0.00516318600057275,0.002082457998767495,5.150001015863381e-06
6.81045126914978,25.19873046875,14.252974510192871,0.19861570585250693,0.0,0.0,15.771743774414062,0.13704264163970947,-0.0002012149304884072,0.0,0.0,0.019854068756103516,-0.6825714111328125,-0.03443349617124447,-0.4555780504041871,-4.750308431109664,-4.750308431109664,-3.9747830119026957,0.7755254192069684,-3.9747830119026957,0.0072689056396484375,0.00500875299985637,0.0016561379998165648,4.644000000553206e-06
6.817138433456421,25.2938232421875,14.408282279968262,0.14027372105698038,0.0,0.0,15.77191162109375,-0.043216705322265625,-8.527849174330803e-05,0.0,0.0,0.015136241912841797,-0.7968708276748657,-0.03735493072326801,-0.4176516315751396,-4.3398939258116,-4.3398939258116,-2.8065207830014627,1.533373142810137,-2.8065207830014627,0.006687164306640625,0.004592496999975992,0.0017794909999793163,5.038000381318852e-06
6.823532819747925,25.38934326171875,14.790679931640625,0.09245495331122114,0.0,0.0,15.771728515625,0.05787277594208717,-3.549672588727801e-05,0.0,0.0,0.010109424591064453,-0.8032990097999573,-0.03990215174837057,-0.3786250356099476,-3.911330495471603,-3.911330495471603,-1.8495346088733355,2.0617958865982673,-1.8495346088733355,0.006394386291503906,0.004524588999629486,0.0018543480000516865,5.255000360193662e-06
6.829941511154175,25.48553466796875,14.891304016113281,0.06300685090455778,0.0,0.0,15.77215576171875,0.14006759226322174,-1.5995628738048934e-05,0.0,0.0,0.006069183349609375,-0.735293984413147,-0.04219669343978962,-0.3370597321548183,-3.4778025458461026,-3.4778025458461026,-1.2603332834744396,2.217469262371663,-1.2603332834744396,0.00640869140625,0.005398288998549106,0.001974540000446723,5.10199970449321e-06
6.837351083755493,25.5950927734375,15.024065017700195,0.024200017888507577,0.0,0.0,15.773239135742188,0.011835649609565735,-4.233983038635743e-06,0.0,0.0,0.0012145042419433594,-0.7083750367164612,-0.04450776977420386,-0.2862977851804196,-2.961170430447461,-2.961170430447461,-0.48405230848228076,2.47711812196518,-0.48405230848228076,0.007409572601318359,0.0046420190010394435,0.0021506129996851087,4.65099947177805e-06
6.844165325164795,25.7015380859375,15.382620811462402,-0.03377247716871576,0.0,0.0,15.773147583007812,0.055801525712013245,4.226532769369472e-06,0.0,0.0,-0.0039038658142089844,-0.7577482461929321,-0.04629321075551753,-0.2374141748753227,-2.44166784734629,-2.44166784734629,0.6755014026720976,3.1171692500183874,0.6755014026720976,0.006814241409301758,0.004711006000434281,0.0021493130007002037,5.062000127509236e-06
6.851047992706299,25.80438232421875,15.371737480163574,-0.06864993146646396,0.0,0.0,15.773345947265625,-0.001851067878305912,6.354780276748981e-06,0.0,0.0,-0.008629322052001953,-0.6790924072265625,-0.04775217575591767,-0.1862748643720016,-1.913174125510455,-1.913174125510455,1.373076602093409,3.286250727603864,1.373076602093409,0.006882667541503906,0.004806721000932157,0.0017972139994526515,2.0600999050657265e-05
6.857689619064331,25.90625,15.248152732849121,-0.11252879729773527,0.0,0.0,15.77313232421875,-0.0033486364409327507,7.940709433135473e-06,0.0,0.0,-0.013275146484375,-0.6660799384117126,-0.048821689386165275,-0.1356019378216557,-1.3840573978681774,-1.3840573978681774,2.2506733779722876,3.634730775840465,2.2506733779722876,0.0066416263580322266,0.005019234000428696,0.002027626000199234,4.730998625745997e-06
6.8647589683532715,26.01483154296875,15.194116592407227,-0.1646222844819807,0.0,0.0,15.772918701171875,-0.017601601779460907,9.099256935643955e-06,0.0,0.0,-0.017995357513427734,-0.66709965467453,-0.049586526500924516,-0.0806369320598694,-0.8119263204388051,-0.8119263204388051,3.2925573369639753,4.10448365740278,3.2925573369639753,0.00706934928894043,0.004846809999435209,0.002226788001280511,4.804998752661049e-06
6.871854543685913,26.12176513671875,15.0996732711792,-0.2530129721864062,0.0,0.0,15.773208618164062,0.02198334038257599,1.3075726992240778e-05,0.0,0.0,-0.023254871368408203,-0.7980550527572632,-0.04996094555169811,-0.024829060995793465,-0.20015466955672312,-0.20015466955672312,5.060419882096124,5.260574551652847,5.060419882096124,0.0070955753326416016,0.004977691000021878,0.0021433179990708595,2.0097000742680393e-05
6.8790123462677,26.2276611328125,14.694270133972168,-0.3009123406789114,0.0,0.0,15.773406982421875,0.007201387546956539,1.6802167111010687e-05,0.0,0.0,-0.02880573272705078,-0.7060598731040955,-0.04993645746458152,0.03166679489344668,0.41308767991549156,0.41308767991549156,6.018452975137868,5.605365295222376,6.018452975137868,0.007157802581787109,0.005067218999101897,0.0016441630014014663,4.37400012742728e-06
6.88574481010437,26.323974609375,14.453539848327637,-0.33868795000789886,0.0,0.0,15.774002075195312,0.08414353430271149,2.260429819484801e-05,0.0,0.0,-0.03254413604736328,-0.634904146194458,-0.049544909978229267,0.08458007185892281,0.9746465736563769,0.9746465736563769,6.774036353510055,5.799389779853678,6.774036353510055,0.006732463836669922,0.004471741000088514,0.0022178560011525406,4.7220000851666555e-06
6.892456293106079,26.418701171875,13.89615249633789,-0.41319248117886165,0.0,0.0,15.774246215820312,0.03393407166004181,4.012427289589047e-05,0.0,0.0,-0.03774833679199219,-0.7306422591209412,-0.04880182135400085,0.13672663548616726,1.565574199317335,1.565574199317335,8.264341945944041,6.6987677466267055,8.264341945944041,0.006711483001708984,0.0045106460001989035,0.0019104290004179347,5.119998604641296e-06
6.898900508880615,26.50738525390625,13.598082542419434,-0.4888476357168624,0.0,0.0,15.774261474609375,-0.01602952927350998,8.27193336378321e-05,0.0,0.0,-0.04306983947753906,-0.7877167463302612,-0.047761758615838756,0.18588649021033632,2.1466712217828574,2.1466712217828574,9.777967675486153,7.631296453703296,9.777967675486153,0.006444215774536133,0.005438651998701971,0.002152939001462073,5.564999810303561e-06
6.9065163135528564,26.606201171875,12.684473037719727,-0.5604196850852614,0.0,0.0,15.774581909179688,0.025418058037757874,0.00019211298096347186,0.0,0.0,-0.04868459701538086,-0.794213593006134,-0.046129683746735366,0.2423884087895538,2.79962016867836,2.79962016867836,11.210750916195519,8.411130747517158,11.210750916195519,0.007615804672241211,0.004744994999782648,0.0020236800010025036,5.066000085207634e-06
6.913321495056152,26.69134521484375,12.135112762451172,-0.6068554789163583,0.0,0.0,15.77471923828125,0.04076625034213066,0.00043995221955144817,0.0,0.0,-0.054410457611083984,-0.7241508960723877,-0.04431362456394187,0.2910146462613621,3.3819723140526525,3.3819723140526525,12.142507765069993,8.76053545101734,12.142507765069993,0.0068051815032958984,0.005155549000846804,0.001881197998955031,4.956000339007005e-06
6.920396566390991,26.771728515625,11.320435523986816,-0.6649523509871585,0.0,0.0,15.77520751953125,-0.1601237654685974,0.000945932130917957,0.0,0.0,-0.05944013595581055,-0.7379874587059021,-0.04208236065293796,0.3393094412520073,3.9622398312127824,3.9622398312127824,13.3106535489566,9.348413717743817,13.3106535489566,0.007075071334838867,0.004905547999442206,0.0021955850006634137,4.982999598723836e-06
6.927520275115967,26.84906005859375,10.286273002624512,-0.7031247519601613,0.0,0.0,15.770599365234375,-0.7298845648765564,0.0018347467738809688,0.0,0.0,-0.06454753875732422,-0.6661350727081299,-0.03949994137195871,0.3852273395926135,4.517531909647966,4.517531909647966,14.08500726955703,9.567475359909064,14.08500726955703,0.007123708724975586,0.005321623000781983,0.002053843998510274,5.126001269672997e-06
6.934918403625488,26.9202880859375,9.201674461364746,-0.6835287005988808,0.0,0.0,15.765396118164062,-0.5087587833404541,0.0030791253265242662,0.0,0.0,-0.06755590438842773,-0.3973664343357086,-0.03648350791725307,0.4296437610713332,5.0045707635707135,5.0045707635707135,13.708354690829731,8.703783927259018,13.708354690829731,0.007398128509521484,0.005102353999973275,0.0018676430008781608,4.791998435393907e-06
6.941910028457642,26.97869873046875,8.003475189208984,-0.6875653841350244,0.0,0.0,15.764907836914062,0.09847099334001541,0.0050628935161081,0.0,0.0,-0.06995010375976562,-0.33191123604774475,-0.0333427407190215,0.46821521897987595,5.431643860981528,5.431643860981528,13.813429075534618,8.381785214553089,13.813429075534618,0.00699162483215332,0.005216503999690758,0.0021737150000262773,1.7758999092620797e-05
6.9493348598480225,27.0330810546875,6.804564476013184,-0.6895154283310946,0.0,0.0,15.767745971679688,0.43714460730552673,0.007901354339897105,0.0,0.0,-0.07181882858276367,-0.2462490350008011,-0.02972633636318236,0.5052157558826103,5.834625881461183,5.834625881461183,13.887257699624342,8.052631818163158,13.887257699624342,0.007424831390380859,0.004812926999875344,0.0018483900003047893,5.207999492995441e-06
6.956018924713135,27.07537841796875,5.877411365509033,-0.6876360229759813,0.0,0.0,15.771270751953125,0.5877134203910828,0.011732259343105206,0.0,0.0,-0.07303714752197266,-0.16797690093517303,-0.026248611794725454,0.5347740607847691,6.159577361504205,6.159577361504205,13.896674561885412,7.737097200381207,13.896674561885412,0.006684064865112305,0.005118143000800046,0.0020173529992462136,5.276000592857599e-06
6.963177919387817,27.1112060546875,4.711952209472656,-0.6917509879340242,0.0,0.0,15.775909423828125,0.7741492986679077,0.016886971049334117,0.0,0.0,-0.07392454147338867,-0.12471693009138107,-0.02231918227724272,0.5622456126658977,6.463866530690448,6.463866530690448,14.042221857440138,7.57835532674969,14.042221857440138,0.007158994674682617,0.005091750999781652,0.002186069001254509,4.765999619849026e-06
6.970478773117065,27.140380859375,3.4900615215301514,-0.6916168593481988,0.0,0.0,15.783447265625,1.0062944889068604,0.023307118522186344,0.0,0.0,-0.07471942901611328,-0.0681120753288269,-0.018126198950413713,0.5855768134471412,6.729113213911,6.729113213911,14.118314101339482,7.389200887428483,14.118314101339482,0.007300853729248047,0.005286359999445267,0.0023429709999618353,4.835001163883135e-06
6.978130340576172,27.16058349609375,2.154125452041626,-0.6878510634021096,0.0,0.0,15.790908813476562,0.9514211416244507,0.0309839201340215,0.0,0.0,-0.07495355606079102,-0.013571961782872677,-0.013568792864287929,0.6047399046534837,6.951270249089599,6.951270249089599,14.137192067223133,7.185921818133534,14.137192067223133,0.007651567459106445,0.004627641999832122,0.0016675039987603668,4.707000698545016e-06
6.984448194503784,27.16949462890625,1.1783287525177002,-0.6728577529469448,0.0,0.0,15.79766845703125,1.2313625812530518,0.03935339972031301,0.0,0.0,-0.07469654083251953,0.059019044041633606,-0.00970940619250993,0.6163580523644585,7.090923662536211,7.090923662536211,13.940018859176064,6.849095196639852,13.940018859176064,0.006317853927612305,0.004532880999249755,0.0017643209994275821,4.601000910042785e-06
6.990768909454346,27.17230224609375,0.16689735651016235,-0.6577815649366308,0.0,0.0,15.806472778320312,1.5519989728927612,0.04866492222099846,0.0,0.0,-0.07416009902954102,0.10560473054647446,-0.0057870660920187784,0.624095846860258,7.190369390811901,7.190369390811901,13.752746908791288,6.562377517979387,13.752746908791288,0.0063207149505615234,0.004497015999731957,0.0017588219998287968,4.65199991595e-06
6.997047424316406,27.1700439453125,-0.6680669188499451,-0.6149893283344341,0.0,0.0,15.819686889648438,2.5236458778381348,0.05621726608931703,0.0,0.0,-0.0728602409362793,0.25506162643432617,-0.0018547323957988499,0.6278860947043176,7.22803183856068,7.22803183856068,12.989568972675325,5.761537134114645,12.989568972675325,0.006278514862060547,0.004375724000055925,0.00169324700073048,4.854999133385718e-06
7.00313925743103,27.16217041015625,-1.5190880298614502,-0.5488476387937631,0.0,0.0,15.843093872070312,4.592957496643066,0.058036473297662955,0.0,0.0,-0.0704340934753418,0.4575704336166382,0.0019719420580623466,0.6278296902624546,7.192641181343897,7.192641181343897,11.689056742699949,4.496415561356051,11.689056742699949,0.0060918331146240234,0.004547859000012977,0.001918560001286096,4.965999323758297e-06
7.0096282958984375,27.1490478515625,-2.2443137168884277,-0.46727405246047515,0.0,0.0,15.883071899414062,6.447005748748779,0.043406736773477825,0.0,0.0,-0.06636333465576172,0.7004557847976685,0.006034887183283382,0.6237250850746731,7.074990867435188,7.074990867435188,9.878079046416776,2.8030881789815885,9.878079046416776,0.0064890384674072266,0.0046287749992188765,0.0017419640007574344,5.225998393143527e-06
7.016022682189941,27.13214111328125,-2.861677408218384,-0.3962598051015628,0.0,0.0,15.935073852539062,9.019424438476562,0.025889699308444713,0.0,0.0,-0.06120443344116211,0.8464007377624512,0.009999463161612945,0.6156252954831565,6.893877700569285,6.893877700569285,8.24286112421282,1.3489834236435347,8.24286112421282,0.006394386291503906,0.004541584999969928,0.0020932229999743868,5.346999387256801e-06
7.022680759429932,27.10980224609375,-3.4579715728759766,-0.3207015892605719,0.0,0.0,16.006988525390625,10.603339195251465,0.011983436432552147,0.0,0.0,-0.054253578186035156,0.9876304864883423,0.01405858409531319,0.602970579912747,6.640206201785909,6.640206201785909,6.561067815055028,-0.0791383867308808,6.561067815055028,0.006658077239990234,0.005304577000060817,0.0019863799989252584,4.855000952375121e-06
7.029994487762451,27.0828857421875,-3.8003652095794678,-0.21417676916933087,0.0,0.0,16.080398559570312,10.600000381469727,0.0035091169511642234,0.0,0.0,-0.04677248001098633,1.2211582660675049,0.018403007364078433,0.5842118159497665,6.3016721353785865,6.3016721353785865,4.326592033093077,-1.975080102285509,4.326592033093077,0.007313728332519531,0.004761336000228766,0.002160323998396052,4.6600016503361985e-06
7.036937713623047,27.05303955078125,-4.3448615074157715,-0.14975783689959407,0.0,0.0,16.157440185546875,10.80754566192627,0.0011146890364544491,0.0,0.0,-0.037872314453125,1.213926076889038,0.022384172844346018,0.5618374702204848,5.921337112227548,5.921337112227548,3.008833904083005,-2.9125032081445434,3.008833904083005,0.006943225860595703,0.004920588000459247,0.0019695249993674224,4.902000000583939e-06
7.0438501834869385,27.02337646484375,-4.419700622558594,-0.0980760400269583,0.0,0.0,16.228897094726562,10.455107688903809,0.0003588656709827936,0.0,0.0,-0.029361724853515625,1.2011241912841797,0.026178578779355845,0.5353158855554497,5.5143913673409095,5.5143913673409095,1.9659240603057162,-3.5484673070351933,1.9659240603057162,0.0069124698638916016,0.004953501998897991,0.001809740000680904,4.605999492923729e-06
7.0506346225738525,26.99212646484375,-4.741931915283203,-0.047395833872177495,0.0,0.0,16.3017578125,10.138847351074219,9.15279008938607e-05,0.0,0.0,-0.021187305450439453,1.207724928855896,0.029710916216355132,0.5053589741875041,5.081802360923972,5.081802360923972,0.9490397191722808,-4.132762641751691,0.9490397191722808,0.0067844390869140625,0.004695997000453644,0.0018052630002785008,5.698999302694574e-06
7.057161808013916,26.96075439453125,-4.604959011077881,0.006219915062953163,0.0,0.0,16.365142822265625,9.624702453613281,-6.757681113650198e-06,0.0,0.0,-0.012712955474853516,1.2278144359588623,0.032905902324172495,0.47307029620425733,4.623112702520971,4.623112702520971,-0.12448121759174402,-4.747593920112715,-0.12448121759174402,0.0065271854400634766,0.0055553060010424815,0.002069819000098505,4.686999091063626e-06
7.064809083938599,26.92474365234375,-4.782090187072754,0.027576525399465677,0.0,0.0,16.434463500976562,9.550427436828613,-1.785388365515216e-05,0.0,0.0,-0.004435062408447266,1.094285249710083,0.0363662109546642,0.4312112495694181,4.110887519010031,4.110887519010031,-0.5517495740464264,-4.662637093056458,-0.5517495740464264,0.007647275924682617,0.004818477000299026,0.0018519160003052093,4.976000127498992e-06
7.0715014934539795,26.89508056640625,-4.457550525665283,0.018486932145181018,0.0,0.0,16.492935180664062,9.238101959228516,-7.51138334258392e-06,0.0,0.0,0.0022859573364257812,0.8978261947631836,0.03912012492407768,0.39129987728923993,3.6534076878766673,3.6534076878766673,-0.3698308071164105,-4.023238494993078,-0.3698308071164105,0.006692409515380859,0.005202561000260175,0.002253652999570477,4.985000487067737e-06
7.0789794921875,26.8604736328125,-4.598024845123291,0.026628487770998632,0.0,0.0,16.558441162109375,8.735296249389648,-7.11372897012915e-06,0.0,0.0,0.008140087127685547,0.8098794221878052,0.04186936008078303,0.34344529694891524,3.1499615352672428,3.1499615352672428,-0.5326570404380089,-3.6826185757052516,-0.5326570404380089,0.007477998733520508,0.0047304830004577525,0.001789510999515187,4.953000825480558e-06
7.08552098274231,26.83209228515625,-4.314455509185791,0.05324129699740107,0.0,0.0,16.612930297851562,8.062321662902832,-9.752267297634572e-06,0.0,0.0,0.013643741607666016,0.7955072522163391,0.04397209263213184,0.2990835989475068,2.6723825353907835,2.6723825353907835,-1.064945599669462,-3.7373281350602454,-1.064945599669462,0.00654149055480957,0.004914203000225825,0.002019701998506207,4.60900082543958e-06
7.092475652694702,26.80029296875,-4.363280296325684,0.09509326520166195,0.0,0.0,16.668106079101562,7.332274436950684,-1.2402301137203362e-05,0.0,0.0,0.019505023956298828,0.7997653484344482,0.045881653622464116,0.24971179531933008,2.1443772106114447,2.1443772106114447,-1.9020174795073115,-4.046394690118756,-1.9020174795073115,0.006954669952392578,0.005009509999581496,0.002247397000246565,4.916000762023032e-06
7.0997538566589355,26.77056884765625,-4.012215614318848,0.14764765544858044,0.0,0.0,16.719146728515625,7.034934997558594,-1.4184860057214862e-05,0.0,0.0,0.02514505386352539,0.8113845586776733,0.04750480694884453,0.1960085218466244,1.5749415507328788,1.5749415507328788,-2.9531271563342694,-4.528068707067148,-2.9531271563342694,0.0072782039642333984,0.004974159999619587,0.0022514720003528055,5.521000275621191e-06
7.1070027351379395,26.74200439453125,-4.005784511566162,0.20219462455363751,0.0,0.0,16.767837524414062,6.4446702003479,-1.4847186438529701e-05,0.0,0.0,0.03077220916748047,0.8077726364135742,0.048726729028339015,0.14089242924807097,0.9872105447029464,0.9872105447029464,-4.044074665139476,-5.031285209842423,-4.044074665139476,0.007248878479003906,0.004963597999449121,0.001955688001544331,4.940999133395962e-06
7.11394476890564,26.71636962890625,-3.5527498722076416,0.24780975759958396,0.0,0.0,16.809600830078125,5.828812599182129,-1.6291513546554766e-05,0.0,0.0,0.03670167922973633,0.7630617022514343,0.049518277659415744,0.0870080996941476,0.4058752551306093,0.4058752551306093,-4.956395047863411,-5.36227030299402,-4.956395047863411,0.006942033767700195,0.005340372001228388,0.0020230769987392705,5.122999937157147e-06
7.121330738067627,26.69110107421875,-3.351717472076416,0.25292759585924096,0.0,0.0,16.853363037109375,6.307730674743652,-1.5275920618810194e-05,0.0,0.0,0.04138946533203125,0.5593124032020569,0.04994685771540862,0.028961066227642614,-0.17402674604726204,-0.17402674604726204,-5.058739351793635,-4.8847126057463734,-5.058739351793635,0.007385969161987305,0.005009350999898743,0.0021829639990755823,4.830000762012787e-06
7.12854528427124,26.66815185546875,-2.9690325260162354,0.3097298671650007,0.0,0.0,16.896270751953125,5.594119548797607,-2.0410440190218954e-05,0.0,0.0,0.04564619064331055,0.631257176399231,0.04995038762357118,-0.027983183507310702,-0.7605986389186478,-0.7605986389186478,-6.194847778148969,-5.434249139230321,-6.194847778148969,0.007214546203613281,0.004834318999201059,0.0018922119998023845,4.859000910073519e-06
7.13529372215271,26.6507568359375,-2.457385540008545,0.3386277872175594,0.0,0.0,16.934677124023438,5.735151290893555,-2.622956193511726e-05,0.0,0.0,0.04945039749145508,0.5373238325119019,0.0495822668307694,-0.08104950158590012,-1.3042198854584415,-1.3042198854584415,-6.772877579466948,-5.468657694008506,-6.772877579466948,0.0067484378814697266,0.004976774000169826,0.001851989998613135,4.823999915970489e-06
7.142143726348877,26.636474609375,-1.9635120630264282,0.3909332131700297,0.0,0.0,16.969619750976562,5.146076679229736,-4.071394144521443e-05,0.0,0.0,0.05333852767944336,0.5631438493728638,0.048844180992175766,-0.13431679916572134,-1.8620933594018856,-1.8620933594018856,-7.819163820964327,-5.9570704615624415,-7.819163820964327,0.006850004196166992,0.0051192979990446474,0.002024736000748817,5.208999937167391e-06
7.1493237018585205,26.625,-1.3677442073822021,0.4218820760618133,0.0,0.0,17.00921630859375,5.3843488693237305,-6.269739700672677e-05,0.0,0.0,0.056691646575927734,0.47096696496009827,0.04768241775282002,-0.1890756673566773,-2.4211266090096846,-2.4211266090096846,-8.438410814451053,-6.017284205441368,-8.438410814451053,0.007179975509643555,0.004616727001121035,0.0018316059995413525,4.6080003812676296e-06
7.155792951583862,26.619140625,-0.6098482608795166,0.4513616997372261,0.0,0.0,17.045562744140625,5.095093250274658,-0.00010056289791368067,0.0,0.0,0.05992412567138672,0.41577672958374023,0.046303110083334265,-0.2371091314861705,-2.9215947186457827,-2.9215947186457827,-9.02846789533239,-6.106873176686607,-9.02846789533239,0.006469249725341797,0.005663093001203379,0.002089417999741272,4.854999133385718e-06
7.163567543029785,26.61810302734375,0.05009818449616432,0.48323268818930126,0.0,0.0,17.081146240234375,4.652163028717041,-0.00016991451287589566,0.0,0.0,0.06263351440429688,0.35643279552459717,0.044241809294370715,-0.2927350290386072,-3.4811395839269514,-3.4811395839269514,-9.666738604434757,-6.185599020507806,-9.666738604434757,0.0077745914459228516,0.005139929999131709,0.0018633920008142013,5.108999175718054e-06
7.17059326171875,26.62176513671875,0.7951565980911255,0.5140966574386553,0.0,0.0,17.111251831054688,4.560207366943359,-0.00029794910380272823,0.0,0.0,0.06480693817138672,0.3147672414779663,0.04201549158747719,-0.3406155186141028,-3.97159234728172,-3.97159234728172,-10.285588965997587,-6.313996618715866,-10.285588965997587,0.007025718688964844,0.004851468000197201,0.0019647070002974942,4.636000085156411e-06
7.177430868148804,26.63092041015625,1.5009360313415527,0.5292606326617444,0.0,0.0,17.142562866210938,4.32020902633667,-0.0005025735219485632,0.0,0.0,0.06670904159545898,0.21807534992694855,0.039534358442435864,-0.3846694133988969,-4.419654423237153,-4.419654423237153,-10.591379199516311,-6.171724776279158,-10.591379199516311,0.006837606430053711,0.0053341540005931165,0.0019235870004195021,4.804998752661049e-06
7.184710502624512,26.64447021484375,2.0866310596466064,0.5469831175451596,0.0,0.0,17.172714233398438,4.067424774169922,-0.000852933476051256,0.0,0.0,0.06791973114013672,0.15533773601055145,0.0365727066750634,-0.42844452764477303,-4.85759898548171,-4.85759898548171,-10.950127792326873,-6.092528806845163,-10.950127792326873,0.007279634475708008,0.004707902000518516,0.002010412999879918,4.857000021729618e-06
7.191455841064453,26.662109375,2.7824718952178955,0.587900654352036,0.0,0.0,17.199874877929688,3.710780382156372,-0.001613785021867605,0.0,0.0,0.06941986083984375,0.20282401144504547,0.03355485393897995,-0.4658161845021988,-5.257457571997368,-5.257457571997368,-11.777814130253324,-6.520356558255956,-11.777814130253324,0.006745338439941406,0.004992131000108202,0.0017935519990714965,4.634001015801914e-06
7.198263168334961,26.6849365234375,3.6649599075317383,0.5967923087940206,0.0,0.0,17.222061157226562,2.9478542804718018,-0.00280176041737715,0.0,0.0,0.0704197883605957,0.09368231892585754,0.030265059780769366,-0.5001393649822337,-5.616073312171503,-5.616073312171503,-11.970223604313626,-6.354150292142123,-11.970223604313626,0.0068073272705078125,0.005568841999775032,0.002114180999342352,4.636000085156411e-06
7.2059667110443115,26.71636962890625,4.278825283050537,0.5835940813405337,0.0,0.0,17.24407958984375,2.780757188796997,-0.00428665997587531,0.0,0.0,0.07032155990600586,-0.06414706259965897,0.02627652865821884,-0.5345575192649532,-5.950134137629314,-5.950134137629314,-11.724478681728074,-5.77434454409876,-11.724478681728074,0.007703542709350586,0.0054766990015195915,0.0016425419998995494,4.6219993237173185e-06
7.213106632232666,26.75115966796875,5.355284214019775,0.5749140921380334,0.0,0.0,17.262405395507812,2.823507785797119,-0.006182661292827452,0.0,0.0,0.06964874267578125,-0.14267432689666748,0.022359254206590514,-0.5619941352368318,-6.212395487465257,-6.212395487465257,-11.57414271751739,-5.361747230052132,-11.57414271751739,0.007139921188354492,0.004697188000136521,0.002082749999317457,5.0079997890861705e-06
7.219908952713013,26.7900390625,6.083451747894287,0.5769424890186254,0.0,0.0,17.280990600585938,2.5712831020355225,-0.008836568224701573,0.0,0.0,0.06856584548950195,-0.16213896870613098,0.01845940501761418,-0.5839307756127621,-6.425504557565967,-6.425504557565967,-11.647273930366136,-5.22176937280017,-11.647273930366136,0.00680232048034668,0.004692280001108884,0.001998519999688142,4.978999641025439e-06
7.226621627807617,26.83380126953125,6.745085716247559,0.5705416430064728,0.0,0.0,17.293655395507812,1.4359605312347412,-0.01185698921505309,0.0,0.0,0.06754446029663086,-0.22231917083263397,0.014478678476040122,-0.6013987004414821,-6.596667527153713,-6.596667527153713,-11.55631739037187,-4.959649863218157,-11.55631739037187,0.006712675094604492,0.004387024999232381,0.001734889001454576,4.949999492964707e-06
7.232764959335327,26.88006591796875,7.457175254821777,0.5535074197791816,0.0,0.0,17.297576904296875,0.21852858364582062,-0.014481473521034254,0.0,0.0,0.06566333770751953,-0.30292150378227234,0.010744632400966646,-0.6136395495137852,-6.704155432528405,-6.704155432528405,-11.24783518724832,-4.543679754719914,-11.24783518724832,0.006143331527709961,0.005087100998935057,0.0018951910005853279,4.9720001698005944e-06
7.239769220352173,26.93511962890625,8.31206226348877,0.5128689142294959,0.0,0.0,17.29449462890625,-0.6819671988487244,-0.014691308434028879,0.0,0.0,0.06301069259643555,-0.46148496866226196,0.006410494860389933,-0.6231330528079039,-6.76465378422464,-6.76465378422464,-10.437639737763678,-3.6729859535390386,-10.437639737763678,0.007004261016845703,0.004716158999144682,0.0018083690010826103,5.071999112260528e-06
7.246315956115723,26.99139404296875,8.985344886779785,0.4682238757561318,0.0,0.0,17.286956787109375,-1.3710427284240723,-0.01275392765308811,0.0,0.0,0.05944681167602539,-0.5855355262756348,0.0023139262866869537,-0.6276453345690116,-6.756922425057728,-6.756922425057728,-9.520967424972564,-2.764044999914837,-9.520967424972564,0.006546735763549805,0.004786102999787545,0.0018842099998437334,4.899000487057492e-06
7.253008842468262,27.05352783203125,9.6638765335083,0.46269586526585615,0.0,0.0,17.278396606445312,-1.1361323595046997,-0.011835715376902707,0.0,0.0,0.055403709411621094,-0.5225223302841187,-0.0018900610609074995,-0.6278694579072921,-6.7220716472540065,-6.7220716472540065,-9.39914080687058,-2.6770691596165737,-9.39914080687058,0.0066928863525390625,0.0046042399990255944,0.001764741000442882,4.980000085197389e-06
7.259400367736816,27.1175537109375,10.240232467651367,0.38931533239057503,0.0,0.0,17.2724609375,-0.8555492758750916,-0.007561970429589915,0.0,0.0,0.05126619338989258,-0.786904513835907,-0.0058926981111442275,-0.6239397398467236,-6.61210816610085,-6.61210816610085,-7.879091561055683,-1.2669833949548335,-7.879091561055683,0.0063915252685546875,0.004432636000274215,0.0016624899999442277,4.855999577557668e-06
7.265516996383667,27.18255615234375,10.821083068847656,0.3633836486567757,0.0,0.0,17.267990112304688,-0.6948442459106445,-0.005090732036591702,0.0,0.0,0.04672431945800781,-0.7533154487609863,-0.009687950387479908,-0.6164113643969361,-6.474469978117244,-6.474469978117244,-7.3301359429080835,-0.8556659647908393,-7.3301359429080835,0.006116628646850586,0.004450524000276346,0.0016194830004678806,4.991999958292581e-06
7.271608591079712,27.2506103515625,11.343361854553223,0.33904548283741154,0.0,0.0,17.2652587890625,-0.28315749764442444,-0.003289592630034791,0.0,0.0,0.04196357727050781,-0.7556400895118713,-0.013410841682441036,-0.6052960398726094,-6.30592761484675,-6.30592761484675,-6.82127275650225,-0.5153451416554995,-6.82127275650225,0.006091594696044922,0.004435257000295678,0.0016954889997577993,4.847999662160873e-06
7.2777605056762695,27.32159423828125,11.777536392211914,0.3221653479387895,0.0,0.0,17.265609741210938,0.19557912647724152,-0.00213500929033044,0.0,0.0,0.037535667419433594,-0.7327705025672913,-0.01709080886079289,-0.5904729159241557,-6.114433040857187,-6.114433040857187,-6.469503391785324,-0.3550703509281363,-6.469503391785324,0.006151914596557617,0.004305295000449405,0.001628203999644029,4.191999323666096e-06
7.2837135791778564,27.3919677734375,12.115556716918945,0.2895981317373357,0.0,0.0,17.26763916015625,0.3600830137729645,-0.0012379778618007654,0.0,0.0,0.03294229507446289,-0.7802382707595825,-0.02055485933510255,-0.5727698457536161,-5.8890883155022715,-5.8890883155022715,-5.807152547161067,0.08193576834120408,-5.807152547161067,0.005953073501586914,0.0042390079997858265,0.001527766000435804,4.712999725597911e-06
7.289501428604126,27.46435546875,12.371834754943848,0.2863243916516376,0.0,0.0,17.27020263671875,0.4170682430267334,-0.0008165761569275211,0.0,0.0,0.028762340545654297,-0.6843376755714417,-0.023812699470098855,-0.5524853600916655,-5.659671272333727,-5.659671272333727,-5.736507172381305,-0.07683590004757868,-5.736507172381305,0.005787849426269531,0.004473304001294309,0.0018718589999480173,4.57399983133655e-06
7.2958667278289795,27.54656982421875,12.809850692749023,0.26442355666357803,0.0,0.0,17.272506713867188,0.2536466717720032,-0.0004916005221794927,0.0,0.0,0.02410411834716797,-0.6903278231620789,-0.02724954665732439,-0.5268086063482608,-5.380699441675933,-5.380699441675933,-5.294503041519011,0.08619640015692162,-5.294503041519011,0.006365299224853516,0.004826660999242449,0.0020242099999450147,4.803001502295956e-06
7.302738666534424,27.63568115234375,13.346373558044434,0.23959626180768595,0.0,0.0,17.272262573242188,-0.011595411226153374,-0.00028206804489151673,0.0,0.0,0.01952648162841797,-0.6778221130371094,-0.030763705221498218,-0.49531182150792014,-5.05542570530401,-5.05542570530401,-4.795386193759663,0.2600395115443469,-4.795386193759663,0.006871938705444336,0.0047093600005609915,0.001648904000830953,4.932999217999168e-06
7.3091185092926025,27.7230224609375,13.325091361999512,0.2305373611418743,0.0,0.0,17.272415161132812,0.00766247371211648,-0.00017523268074319445,0.0,0.0,0.015534400939941406,-0.5948280096054077,-0.03382151933713005,-0.46276072773429455,-4.733777676833482,-4.733777676833482,-4.61289731707968,0.12088035975380143,-4.61289731707968,0.006379842758178711,0.004698732000179007,0.0016787129989097593,4.952000381308608e-06
7.315518140792847,27.81146240234375,14.002820014953613,0.22501437762107185,0.0,0.0,17.272430419921875,0.01444576121866703,-0.00011353583448237944,0.0,0.0,0.012316703796386719,-0.5149670839309692,-0.03667051660051447,-0.4271222697092154,-4.40169638152823,-4.40169638152823,-4.501680630145112,-0.09998424861688235,-4.501680630145112,0.006399631500244141,0.004836706000787672,0.001754560000335914,4.972998794983141e-06
7.322130441665649,27.90350341796875,14.198843002319336,0.16267999022379906,0.0,0.0,17.272750854492188,0.10508394986391068,-5.2813602925371166e-05,0.0,0.0,0.008313655853271484,-0.6631631255149841,-0.039365007871044036,-0.3874023041181257,-4.0006086023884215,-4.0006086023884215,-3.2542478241437607,0.7463607782446611,-3.2542478241437607,0.006612300872802734,0.004563165000945446,0.0018243989998154575,4.8719994083512574e-06
7.3285393714904785,27.9970703125,14.580514907836914,0.14752706064744844,0.0,0.0,17.274017333984375,0.208714559674263,-3.220500875529871e-05,0.0,0.0,0.004590511322021484,-0.5383637547492981,-0.04171756310152735,-0.3463499948489422,-3.6041218207992554,-3.6041218207992554,-2.9509363664306187,0.6531854543686366,-2.9509363664306187,0.0064089298248291016,0.004526221999185509,0.0017981130004045554,4.8719994083512574e-06
7.3348846435546875,28.09039306640625,14.620813369750977,0.10647878748459436,0.0,0.0,17.27508544921875,0.18010950088500977,-1.6262634274201528e-05,0.0,0.0,0.0011377334594726562,-0.5677747130393982,-0.04378037018661098,-0.30349259824648916,-3.184531858481184,-3.184531858481184,-2.129775291216719,1.054756567264465,-2.129775291216719,0.006345272064208984,0.004561198000374134,0.0016213639992201934,4.554000042844564e-06
7.341087341308594,28.18096923828125,14.892165184020996,0.04416420621743758,0.0,0.0,17.277633666992188,0.5220054984092712,-4.890876394392196e-06,0.0,0.0,-0.0024480819702148438,-0.6527712345123291,-0.045528011291366605,-0.25973207284991506,-2.736892870279662,-2.736892870279662,-0.8833441351020554,1.8535487351776068,-0.8833441351020554,0.00620269775390625,0.004426168999998481,0.0019748860013351077,4.6459990699077025e-06
7.347509384155273,28.2786865234375,14.985831260681152,-0.02118901387439552,0.0,0.0,17.281021118164062,0.37786591053009033,1.757019644487548e-06,0.0,0.0,-0.006966114044189453,-0.7018017172813416,-0.047046035400222286,-0.21276559694635053,-2.240800588800604,-2.240800588800604,0.42380183601115506,2.664602424811759,0.42380183601115506,0.0064220428466796875,0.004818325000087498,0.0018055199998343596,4.437999450601637e-06
7.354153633117676,28.380615234375,15.234838485717773,-0.06053608031956968,0.0,0.0,17.281494140625,0.10642403364181519,3.868965182078297e-06,0.0,0.0,-0.0116424560546875,-0.6261392831802368,-0.04829417114048911,-0.16272020220543212,-1.7234559106887668,-1.7234559106887668,1.2107690783568168,2.9342249890455836,1.2107690783568168,0.006644248962402344,0.005295095999827026,0.002007406999837258,2.0251000023563392e-05
7.361492872238159,28.4921875,15.164512634277344,-0.15743002077791185,0.0,0.0,17.281646728515625,0.012652880512177944,7.959600380754031e-06,0.0,0.0,-0.017467975616455078,-0.7992892861366272,-0.04928147343835954,-0.1061366521426669,-1.1079874506964158,-1.1079874506964158,3.1486980793665875,4.256685530063003,3.1486980793665875,0.0073392391204833984,0.0057571130000724224,0.002135388000169769,5.169000360183418e-06
7.369407415390015,28.60906982421875,14.989344596862793,-0.2598149085954244,0.0,0.0,17.281768798828125,-0.03525528684258461,1.2637086973863624e-05,0.0,0.0,-0.023445606231689453,-0.9045093059539795,-0.04987657415616597,-0.04412093783238687,-0.42318274048218835,-0.42318274048218835,5.1964532281903715,5.61963596867256,5.1964532281903715,0.007914543151855469,0.004670190999604529,0.002040610999756609,4.869001713814214e-06
7.376139879226685,28.71038818359375,14.82180118560791,-0.3145452736042093,0.0,0.0,17.281143188476562,-0.13642999529838562,1.7295928250293504e-05,0.0,0.0,-0.029510498046875,-0.8153501152992249,-0.049994870559587,0.008999817853091707,0.18248523436869596,0.18248523436869596,6.291117692062712,6.108632457694016,6.291117692062712,0.006732463836669922,0.004644950000511017,0.0018351050002820557,5.16399995831307e-06
7.382642030715942,28.8045654296875,14.640478134155273,-0.2847739508113503,0.0,0.0,17.279830932617188,-0.1928360015153885,1.6050770589072228e-05,0.0,0.0,-0.034449100494384766,-0.45340365171432495,-0.049769620673520844,0.0602463550182915,0.7124753177702865,0.7124753177702865,5.69567595819742,4.983200640427133,5.69567595819742,0.0065021514892578125,0.004813231000298401,0.0021548549993894994,4.866000381298363e-06
7.389631032943726,28.902587890625,13.99691104888916,-0.41542470894786454,0.0,0.0,17.279571533203125,-0.08516205102205276,3.487203217255792e-05,0.0,0.0,-0.040264129638671875,-0.8632221221923828,-0.04915727484782925,0.11487225150356606,1.3490615272312532,1.3490615272312532,8.308922056652648,6.9598605294213955,8.308922056652648,0.006989002227783203,0.004624134000550839,0.0021182969994697487,4.904999514110386e-06
7.396395683288574,28.998046875,13.591421127319336,-0.4969416562195627,0.0,0.0,17.279129028320312,-0.03445060923695564,7.549323669100008e-05,0.0,0.0,-0.04671192169189453,-0.8710388541221619,-0.04820363636439566,0.16690554923050127,1.9766460723883839,1.9766460723883839,9.939759421773942,7.963113349385558,9.939759421773942,0.006764650344848633,0.005378658999688923,0.001965838999240077,4.622999767889269e-06
7.403761148452759,29.09124755859375,12.72611141204834,-0.5391544233492326,0.0,0.0,17.279312133789062,-0.03817356750369072,0.00015776141844105041,0.0,0.0,-0.0527348518371582,-0.7411110401153564,-0.046769725069183525,0.22217713444720152,2.6131702952200024,2.6131702952200024,10.78502418991026,8.171853894690257,10.78502418991026,0.00736546516418457,0.005108487999677891,0.0019926130007661413,5.517000317922793e-06
7.410884857177734,29.180419921875,12.112499237060547,-0.5656390260569681,0.0,0.0,17.275283813476562,-0.6914411187171936,0.000322311221393726,0.0,0.0,-0.05821561813354492,-0.6221299171447754,-0.04500183923095738,0.2738299715883619,3.2021659466061445,3.2021659466061445,11.31673526005207,8.114569313445926,11.31673526005207,0.007123708724975586,0.005360812001526938,0.001905732999148313,4.636000085156411e-06
7.418173789978027,29.2645263671875,11.310503959655762,-0.5790625948092505,0.0,0.0,17.26885986328125,-1.0298558473587036,0.0006251393698272475,0.0,0.0,-0.061163902282714844,-0.4949335753917694,-0.042820056142495906,0.3244078103261641,3.7444770056336645,3.7444770056336645,11.588922317900488,7.844445312266823,11.588922317900488,0.007288932800292969,0.00489839299916639,0.0020656809992942726,5.030000465922058e-06
7.425159454345703,29.33929443359375,10.321135520935059,-0.5891224503991722,0.0,0.0,17.26519775390625,-0.26506176590919495,0.0011646870466079143,0.0,0.0,-0.06358528137207031,-0.39300134778022766,-0.04039187945229767,0.3703341772475061,4.233414545069376,4.233414545069376,11.796739646591773,7.563325101522397,11.796739646591773,0.006985664367675781,0.004571366998789017,0.0017792180005926639,5.112000508233905e-06
7.43153190612793,29.40203857421875,9.507728576660156,-0.5809114378083509,0.0,0.0,17.26666259765625,0.5474151968955994,0.001936058504119982,0.0,0.0,-0.06595706939697266,-0.24334517121315002,-0.03790502526849762,0.4097502226845734,4.649465253572306,4.649465253572306,11.641984075235381,6.992518821663076,11.641984075235381,0.0063724517822265625,0.004906316999040428,0.001671672000156832,4.874000296695158e-06
7.438131332397461,29.46160888671875,8.515053749084473,-0.7316436630851476,0.0,0.0,17.270263671875,0.4497726857662201,0.004107792988278841,0.0,0.0,-0.0692286491394043,-0.7653042078018188,-0.03507373575795426,0.4477990613199492,5.148156247579412,5.148156247579412,14.683275629656034,9.535119382076623,14.683275629656034,0.00659942626953125,0.004970665000655572,0.0018632739993336145,4.5240012696012855e-06
7.444986820220947,29.51556396484375,7.701103210449219,-0.6265512686466899,0.0,0.0,17.273574829101562,0.540943443775177,0.005624914088490132,0.0,0.0,-0.07151603698730469,-0.0291207954287529,-0.03187757974704136,0.4840614094751066,5.514292736530836,5.514292736530836,12.600042723711091,7.085749987180256,12.600042723711091,0.006855487823486328,0.004709233999165008,0.0022465830006694887,4.593999619828537e-06
7.451963186264038,29.56475830078125,6.537781238555908,-0.7026210730950865,0.0,0.0,17.274673461914062,-0.16641108691692352,0.00962378168779924,0.0,0.0,-0.07384443283081055,-0.367960125207901,-0.028382493349272838,0.5172758485333856,5.913649077806498,5.913649077806498,14.17050467279202,8.256855594985522,14.17050467279202,0.00697636604309082,0.005110535999847343,0.002016872000240255,5.122999937157147e-06
7.459112644195557,29.603759765625,5.298426151275635,-0.6865494070469448,0.0,0.0,17.275482177734375,0.32023856043815613,0.013753561328640876,0.0,0.0,-0.07517766952514648,-0.14277923107147217,-0.024574753911438423,0.5471902634080155,6.24604139484234,6.24604139484234,13.899743494660331,7.653702099817991,13.899743494660331,0.007149457931518555,0.005127177999384003,0.002174843000830151,4.663999789045192e-06
7.466435432434082,29.637939453125,4.130977153778076,-0.7226567629632414,0.0,0.0,17.279083251953125,0.4561097025871277,0.02038366840222229,0.0,0.0,-0.07664299011230469,-0.23663653433322906,-0.02046947399035093,0.5732525170848436,6.567048871858138,6.567048871858138,14.703241620022041,8.136192748163904,14.703241620022041,0.007322788238525391,0.004645475000870647,0.0017675019989837892,4.838000677409582e-06
7.472869396209717,29.6591796875,2.955897331237793,-0.6898315844796604,0.0,0.0,17.281280517578125,0.20444579422473907,0.026475219013435535,0.0,0.0,-0.07715749740600586,-0.011161454021930695,-0.016718337319873322,0.5921544245978183,6.783478176194283,6.783478176194283,14.121481002633377,7.3380028264390935,14.121481002633377,0.006433963775634766,0.004724644999441807,0.0016306520010402892,4.322999302530661e-06
7.479244947433472,29.6729736328125,1.9275442361831665,-0.6864227100439548,0.0,0.0,17.283798217773438,0.569029688835144,0.03475839552919643,0.0,0.0,-0.07718229293823242,-0.00800240971148014,-0.012893436692053412,0.6070687732020132,6.963891765739981,6.963891765739981,14.154937581594773,7.191045815854791,14.154937581594773,0.006375551223754883,0.004481441999814706,0.001757212001393782,4.398998498800211e-06
7.485503911972046,29.6806640625,0.8427125215530396,-0.6850472853128119,0.0,0.0,17.2900390625,1.1626585721969604,0.04451670984143752,0.0,0.0,-0.07716798782348633,0.0018272351007908583,-0.009057870896981407,0.6179224425256798,7.110022726133923,7.110022726133923,14.247163004910526,7.137140278776602,14.247163004910526,0.006258964538574219,0.004451749000509153,0.0016637799999443814,4.837000233237632e-06
7.491639614105225,29.68194580078125,0.050387829542160034,-0.6838681989554509,0.0,0.0,17.299758911132812,1.7909892797470093,0.05562575345618217,0.0,0.0,-0.07717466354370117,0.008922516368329525,-0.005243327371940104,0.6248541728381335,7.223209950446165,7.223209950446165,14.359888561376401,7.136678610930237,14.359888561376401,0.006135702133178711,0.004423223001140286,0.0016339140001946362,4.1290004446636885e-06
7.497716903686523,29.67803955078125,-0.932873010635376,-0.6841449088012969,0.0,0.0,17.315902709960938,3.300158977508545,0.0681086837054991,0.0,0.0,-0.0771479606628418,0.0024526179768145084,-0.0014343149311060904,0.6280599546803641,7.306171816827888,7.306171816827888,14.518587546624666,7.212415729796777,14.518587546624666,0.006077289581298828,0.004209644999718876,0.0016455200002383208,4.146000719629228e-06
7.503591537475586,29.66912841796875,-1.710442304611206,-0.6639743152869035,0.0,0.0,17.346939086914062,6.078858852386475,0.07928325430746083,0.0,0.0,-0.0770273208618164,0.07805179804563522,0.002255863520484178,0.6276787123781488,7.345603562101332,7.345603562101332,14.252286972062961,6.906683409961628,14.252286972062961,0.0058746337890625,0.004488802000196301,0.001620936000108486,4.341998646850698e-06
7.509721279144287,29.65594482421875,-2.3872387409210205,-0.5451103775720048,0.0,0.0,17.39117431640625,8.099074363708496,0.07468920341703572,0.0,0.0,-0.07407855987548828,0.5443018078804016,0.006092879033289663,0.6236360470942237,7.25713573493273,7.25713573493273,11.818639495184494,4.561503760251764,11.818639495184494,0.006129741668701172,0.004329697001594468,0.0016570819989283336,3.954999556299299e-06
7.515727996826172,29.6387939453125,-3.1018760204315186,-0.3776735761872423,0.0,0.0,17.455230712890625,11.601442337036133,0.03364225723872453,0.0,0.0,-0.06875181198120117,1.1145241260528564,0.009817979250164475,0.616086396839441,7.031654041170604,7.031654041170604,7.9662599561115135,0.9346059149409092,7.9662599561115135,0.006006717681884766,0.00411891600015224,0.0017715989997668657,4.338000508141704e-06
7.5216383934021,29.6171875,-3.7478275299072266,-0.25312516612607755,0.0,0.0,17.535552978515625,13.801199913024902,0.010260852596769069,0.0,0.0,-0.061162471771240234,1.3112860918045044,0.013428879969267803,0.6052328834018244,6.731535317947988,6.731535317947988,5.1884033543806005,-1.543131963567387,5.1884033543806005,0.005910396575927734,0.004240172000208986,0.00168164299975615,4.08000050811097e-06
7.5275795459747314,29.59381103515625,-3.9240899085998535,-0.11115456565811235,0.0,0.0,17.62298583984375,14.413583755493164,0.0018696996915904748,0.0,0.0,-0.051844120025634766,1.5743159055709839,0.016983912961075282,0.5909597759410926,6.352311290474477,6.352311290474477,2.246032413671986,-4.106278876802491,2.246032413671986,0.005941152572631836,0.004467954999199719,0.0016771549999248236,4.187000740785152e-06
